-1.634610370381590072e-01 4.472996174657200008e-01 3.793654332914819793e-01
8.934286297826199430e-02 1.862122009731830008e-01 8.393714170101010397e-02
2.037794111455910051e-01 9.086064167290469618e-02 -9.841035046982969658e-02
-1.336088072710039931e-01 1.797975366018869925e-01 1.712873175119029867e-01
-3.018088020091970122e-02 -1.081099896655570020e-01 7.846341094109079983e-02
-1.079566027485889951e-01 -1.391875926858459900e-01 -9.620823921921020649e-02
1.396695173518079924e-01 6.906587763902799493e-02 1.074139164692819969e-02
-1.326977166649979945e-01 9.350959796299809779e-02 -9.560615457098430026e-02
6.102423873249260278e-02 1.774137688303190075e-01 1.984623862467569944e-01
1.043860206340850028e-01 -1.457304914352559877e-01 9.028175402812520234e-02
2.341637807236749899e-02 -5.487076924184670218e-02 -1.110040102911259985e-01
3.794009933116929828e-02 9.242039045055920610e-02 -2.672944086799919905e-01
-1.340194110480310008e-01 1.795870778398669931e-01 -1.509806856574749945e-01
1.723714972395770095e-01 -3.405867615627340000e-02 8.769268227041039643e-02
-1.029483156446070052e-01 3.524800795881950083e-02 1.409365347926989920e-01
2.861224093953720123e-03 -3.570637144941619934e-02 -1.445502069579999993e-01
1.205286778289530042e-01 -4.346385753560369838e-03 9.833478150615330149e-01
9.719036179934269493e-01 8.940092195452580270e-01 1.206937199110919900e+00
8.918164961806499536e-01 8.334994473355940015e-01 1.041688854133230091e+00
9.837144183567849698e-01 1.107752701444620014e+00 8.939113275082930521e-01
1.129886331688120027e+00 1.082517892630870060e+00 9.727992062321010325e-01
1.006411294481099894e+00 1.058364304460589933e+00 1.022903407875179971e+00
1.038382739893340068e+00 1.032675790506919933e+00 9.817431707085589876e-01
8.905338317299980044e-01 8.532234585678980521e-01 1.191259064303010096e+00
1.200432162265010039e+00 8.117300370025349876e-01 1.034508531741439974e+00
1.048986776179060110e+00 9.073617382574490353e-01 1.001558630170199971e+00
1.155306050798839967e+00 1.043790125169510086e+00 8.043679982311590093e-01
1.012293471830010061e+00 9.961482837484599839e-01 9.533989072845620028e-01
7.177057536879759558e-01 1.125007602448639954e+00 9.652419795293359916e-01
1.058954290802039955e+00 1.081544486082669954e+00 1.125759638852380062e+00
8.819527741994730441e-01 1.000006231134410006e+00 1.074322962176130103e+00
1.116223682319710031e+00 9.185557947812149626e-01 9.969422579205100554e-01
1.107714537799179944e+00 6.892145099120899898e-01 7.100899616695870442e-01
1.051436327677919946e+00 4.136051093271260193e-01 6.032587498087399469e-01
4.835077665094270061e-01 2.345430671980310022e-01 4.521768996615440073e-01
3.731320446649830092e-01 4.635170780308029981e-01 3.837548051324840004e-01
6.431702138148089887e-01 4.682569145721490189e-01 4.299168754339769971e-01
1.878891871019369997e-01 4.681181025148989927e-01 4.658691313246369758e-01
5.409390151037110073e-01 6.101190981726309914e-01 2.743283310767389849e-01
5.129199652888309924e-01 3.869092234002460273e-01 6.848698114380039614e-01
5.385778924935660239e-01 4.644823806717299775e-01 5.240227806088479934e-01
5.420266676192799782e-01 5.437578446917720187e-01 8.030576431174210050e-01
5.535778349824249656e-01 6.175880504190159881e-01 5.399936417977909686e-01
4.287487604197269819e-01 4.737628332430510181e-01 4.852752138415050154e-01
5.617858819224259559e-01 4.441256236569339766e-01 4.637546198999970004e-01
6.467645939367140384e-01 3.148251160526530090e-01 4.634264836457009928e-01
3.629258373093159906e-01 5.057301382142129764e-01 5.136647117218590131e-01
7.255617214655230018e-01 4.674686422867350144e-01 2.267472984064710095e-01
5.502305621299770078e-01 6.015403755800999841e-01 5.496833744744139549e-01
4.959291863506899989e-01 5.736791708397780409e-01 3.772335592776189794e-01
-5.419900278821040279e-02 3.461796287356099788e-01 9.067552811826319614e-02
-2.562075728747180078e-02 1.761293112250600090e-01 -1.509358653356299984e-01
6.111172128897369993e-02 -3.793011559825199691e-02 1.110494539697050032e-01
-1.011873368031089987e-01 4.064881743202469755e-02 -2.139395523567119983e-01
3.990084239568769675e-02 -3.756412024533569826e-03 1.366582086299349963e-01
9.669886391303119180e-03 -8.561660129185079534e-04 4.642235159500719688e-02
-1.361330368815290015e-01 1.375762772351080132e-01 -1.864487888297010065e-01
2.938071530002550058e-01 -2.405231382353290037e-02 -1.752836211673449995e-01
-2.217189457735320099e-02 3.644804674802280126e-02 -1.005582445436929984e-01
-3.046439254724399998e-02 -1.434940973623239913e-01 3.231864065770300165e-01
-1.031180317136939917e-02 -2.243348551818900027e-01 1.251160414241530086e-02
-7.504082026671679562e-02 2.139859728726939969e-01 -1.049485934170770046e-01
1.201192337175709945e-01 -2.451124999206290012e-01 3.635010038411700117e-01
-1.322725322484200050e-01 1.373030772360780138e-01 -2.564770374888939997e-01
-1.971321278499000018e-01 4.184985280556430091e-03 4.377242632541399753e-02
-3.274942937076150140e-02 -1.039208139459529973e-01 -6.669463866449840128e-02
6.500751268193219468e-02 -9.977044807051779762e-02 -8.931627047339479875e-02
-7.362862884010019926e-02 -1.400160376554659969e-01 3.844189490478149701e-02
-2.206676427893140141e-02 -2.912333944756350101e-01 4.891920055411259904e-02
2.296113698274280038e-02 -1.702118088588439881e-01 -4.186086737050599693e-02
-1.397048354081510124e-01 -8.483194192835920300e-03 -3.788845266896759961e-02
1.032578487764490016e-01 -2.621416729859209899e-02 -1.287209429458280041e-01
1.689686776243199892e-02 -1.176857213694289944e-01 -6.650142210110260299e-02
-6.047688126376510320e-02 -2.402993969240930019e-02 -3.112809281421419910e-02
1.543348933613470086e-01 -5.557847705587320303e-02 -3.264545572205979768e-02
-1.563348633533009902e-01 -6.347719378477169327e-02 -3.786471676755179816e-01
-1.333376748730940031e-01 -3.625720463590790133e-03 -1.056743497721550004e-02
5.171701686201829636e-03 2.904337657805959941e-02 -2.955682296964829911e-02
2.786807100571119800e-01 -2.080205593733830127e-01 5.283946140255980223e-02
-1.516058999593070111e-01 4.088249589713589816e-02 -8.136346707471910078e-02
-1.652235651740699973e-01 -6.864864326175839845e-03 4.377514673431689984e-02
2.997040713232250117e-02 1.490127338164090043e-01 -2.436058971123629957e-01
1.452604354392320095e-04 7.264654033449030601e-02 9.991713787304960098e-03
8.462222571050370679e-02 7.561722028958559605e-01 7.670196349907399958e-01
6.815998179810920377e-01 6.369266993107489672e-01 7.810849077560779730e-01
6.411162609146040525e-01 7.377273194076260365e-01 6.778962167588460375e-01
6.213636548757309752e-01 5.214191419209880385e-01 9.722223386480189911e-01
7.551658664659509634e-01 7.205505091648409799e-01 8.970375183182589529e-01
7.830917650784490203e-01 7.404016422309499523e-01 9.323241185694629563e-01
7.703958693932470014e-01 6.415356771935180058e-01 5.923980387491299959e-01
6.707674947338559956e-01 6.891637146925869706e-01 5.972133404637279819e-01
5.869182425941450454e-01 4.705176071869620058e-01 8.199250636759970456e-01
5.705019026858260123e-01 7.984182224919059712e-01 6.302132143936369779e-01
5.717832980464110371e-01 4.876419894784240205e-01 7.873950417055209927e-01
5.146098721855130176e-01 7.137073239159500426e-01 8.576938397676430181e-01
7.158683835054560074e-01 7.194361244879869943e-01 6.324016979389339710e-01
6.383737730854439629e-01 6.920271099972079565e-01 9.267519312850469593e-01
6.096098150536980453e-01 7.750178136010790197e-01 5.341196063099640234e-01
8.837751601060650497e-01 7.681925129407639607e-01 6.060131576647630469e-01
9.044999571597860388e-01 6.921510967852090301e-01 7.765639122708689612e-01
4.282805831733119822e-02 -1.687358675195650137e-01 -7.881859148707020396e-03
-1.551804352703899971e-02 1.771490516787020131e-01 8.965483141610479378e-02
1.293366262397329935e-01 3.673393338708230010e-02 -1.433837633711440018e-01
-3.680355202493619804e-01 -9.436603989621289434e-02 -1.278030576068639977e-02
3.910732457967860259e-02 -2.060987740112980166e-02 1.386591622017999959e-01
-1.517646304519260081e-01 1.915787885355940134e-01 -2.819805028390650128e-02
4.069683020621679866e-03 1.930264869379940129e-01 -9.278772965748209589e-02
-7.695023518336180368e-02 1.110763031775899995e-01 -1.777969906364370023e-01
-2.450668597591660128e-02 2.472638168304509831e-02 8.707805198120090184e-02
2.695876080046809981e-02 1.310933950206170061e-02 -8.336133383767320437e-02
-2.416278647313729877e-01 1.050469412192379937e-01 -6.806611624881850342e-02
6.124566514674349704e-02 -2.426544196978320037e-02 1.693242910005799962e-01
1.550622500039909937e-02 -2.471227824676880055e-02 1.031523617785610053e-01
-5.857694763757800155e-02 -3.473399159845490247e-02 -4.423124972180420000e-02
6.349683136324320298e-02 -1.667097429285130106e-01 -3.738325379162280027e-02
-2.187765460558490083e-01 -1.224007881459130004e-01 -2.503294669853829979e-01
-2.503481455317260133e-03 1.273356602660719872e-01 1.168923221053330019e+00
9.632808002830729466e-01 1.315749961514790067e+00 8.428602050809930191e-01
1.098927007703579983e+00 8.188628383951580547e-01 1.056459927366030005e+00
9.404808729226159514e-01 1.056878694555539955e+00 1.069097918243069989e+00
1.157582338640110065e+00 9.755973502626560379e-01 1.002880703053139921e+00
1.190872085841669925e+00 1.078148794635950036e+00 1.118652728891379899e+00
1.064405791940610024e+00 9.797077908995219797e-01 1.210262949332900018e+00
9.109994313715720216e-01 9.657412212584249867e-01 8.669733233888340385e-01
9.712966936296020259e-01 9.805073705344039547e-01 1.055427739113010022e+00
8.815048847085710237e-01 9.599280616749700235e-01 9.428731698910519654e-01
1.116716020333899939e+00 1.022806520938249975e+00 1.200493293825360075e+00
9.082288609129079981e-01 1.053298444676119994e+00 1.252961360825380011e+00
1.042195462576640086e+00 9.262456794743469946e-01 7.912249127686910022e-01
1.008273756053079895e+00 1.135329188029589931e+00 1.032132019679250057e+00
1.115603241686710101e+00 1.113890908206730090e+00 1.156281403538119923e+00
9.137048621110970270e-01 7.985212014152740512e-01 1.127562251806579985e+00
9.911453483549399479e-01 7.259456350042620132e-01 8.814398770536869820e-01
1.107216568150670044e+00 1.257916878938459930e-02 1.122360532481340017e-01
1.259716756631799883e-01 -1.588243062260830119e-01 1.032158936552200063e-01
1.712810926625630073e-02 4.999136786947529915e-02 -2.665118248951919844e-01
-1.504812467502769924e-01 -2.607202212700030202e-03 1.423081734161990020e-01
-1.747672344763840091e-01 9.346675360101530661e-02 -6.011714397235570079e-02
1.064857409014500003e-02 -9.801827295801089635e-02 -7.556626109680740500e-02
1.419962459175020016e-02 -1.561124340288840007e-02 9.808355841097769756e-02
-1.321215932450159891e-01 -1.836743843107949969e-01 -1.178007349496540054e-02
-3.603204515071210118e-02 1.294969885306850033e-01 -3.947149937617609738e-02
2.347331825619820012e-01 -1.094842827445839939e-01 -3.892867731836179707e-02
-1.135931983592910061e-01 7.595007198076049459e-02 3.370608021457469766e-02
-1.275330482103710084e-01 1.410920565035350127e-01 5.942810146340889860e-02
-8.210199111851029796e-02 1.023189210651249959e-01 -3.858022691001410098e-02
-2.259241955187970066e-02 7.641689925815449425e-02 3.900297854115920143e-02
6.581837971869490544e-02 7.424134945609410507e-02 -1.801266997048640017e-01
-4.085177859823829749e-02 -1.314540386901059954e-01 1.895333620807440056e-01
-5.313231132625390041e-02 -2.527448662564740212e-01 -6.860766248584670123e-03
