-1.818775779624407285e+00 3.892380844275853402e-01 -5.183305610713413891e+00
-2.129358689596593912e+00 8.156724968807322895e-01 -4.486039630693843705e+00
-1.260753846503699593e+00 1.335579406671791869e+00 -4.966027315305938217e+00
-1.674926439613370510e+00 1.779023203099869832e+00 -4.481692615435029836e+00
-2.163555723082645876e+00 1.275744306163737019e+00 -3.988792671032574955e+00
-1.511855194872497865e+00 1.518653475226999117e+00 -4.500871148605360084e+00
-1.485061757469795518e+00 1.337770374894448278e+00 -4.155453735428778828e+00
-1.298155014454319023e+00 9.839532803164650065e-01 -5.209815073320340773e+00
-1.355630312722936326e+00 1.951288493253021672e+00 -4.384664750530250288e+00
-1.398807185020692012e+00 1.694478017042158280e+00 -4.055809763031753334e+00
-1.108968698911042328e+00 2.350286241752173488e+00 -4.138888861027120392e+00
-1.116921554603515165e+00 2.121697757918079130e+00 -3.673352399890249753e+00
-9.408714926242440768e-01 2.356897194230264780e+00 -3.877711336463607328e+00
-1.596802744436724319e+00 2.134565514785806251e+00 -4.885702447557788375e+00
-1.230181187596424808e+00 1.792258871254405861e+00 -3.933327327988056954e+00
6.489714417442660199e-02 2.021225187468829620e+00 -4.542275173746271655e+00
-9.763632303367031362e-01 1.526642337530964122e+00 -4.161657222944074697e+00
-1.302070155443199706e+00 2.355181887805481100e+00 -3.967182029024113987e+00
-1.028630562765391998e+00 1.834361219681255761e+00 -4.056375439887904832e+00
-4.083087527424182350e-01 2.043039332659831953e+00 -3.369554393295194128e+00
6.263860086854688980e-02 1.875992696097961598e+00 -3.612924382724531203e+00
-1.528639464453026120e+00 1.686031301862747522e+00 -3.155209367590249503e+00
-6.067644188127306881e-01 2.696468578945400818e+00 -3.463455077925720271e+00
-1.279683955388986494e+00 2.237030222320103512e+00 -3.601685484466883747e+00
-1.268686971768073768e+00 2.621137823921587895e+00 -3.738105561735772131e+00
-1.078311698732626667e+00 2.881273884306649435e+00 -3.703412170664222902e+00
1.165242929177866538e-01 1.997519528251873844e+00 -2.590771597251948943e+00
-4.353133465468363994e-01 2.384501536631550511e+00 -2.580694995218327126e+00
-2.156575948989458702e-01 3.467516010172531082e+00 -3.382088573211376126e+00
-2.252263661042105403e-01 3.077072557233734518e+00 -2.516873833921725812e+00
-1.526297592370509382e-01 3.488025158626439914e+00 -3.344897958169882557e+00
3.701443944592192059e-01 3.430311739254150005e+00 -2.978185164494229209e+00
8.681948700136288277e-02 2.887347533811176259e+00 -3.051731913544369235e+00
-5.886276851527464382e-01 3.250126686969766698e+00 -2.508150583276749668e+00
-1.835760978535752042e-01 3.460881416903036634e+00 -3.042479285806203304e+00
-1.610234701793959999e-01 3.448756186677742530e+00 -2.173784478057780412e+00
7.264552583856143109e-01 3.274221985649673261e+00 -2.714385439552790213e+00
5.572008668264536446e-01 3.516154209907533801e+00 -2.540369684183007237e+00
1.022951507845363484e+00 4.012035885853191708e+00 -3.365712452331614646e+00
6.355874318981394877e-01 3.963249072387456273e+00 -2.839283492861204738e+00
3.384178261460756287e-01 3.253034844261415870e+00 -2.130247431816192361e+00
4.751279043900047405e-01 3.467634453930931837e+00 -2.539991170459010572e+00
-1.945196184507602677e-01 4.496293334853683099e+00 -2.616107916142690115e+00
1.522960418750866074e-01 4.373296978128036194e+00 -2.148327640809124084e+00
9.213921970815546203e-01 3.617479436819810878e+00 -2.158945228483686307e+00
-2.915123314223728723e-01 4.111684129565056800e+00 -2.668482155405720757e+00
4.096073414142761271e-01 4.417988801645981845e+00 -1.306920357499665952e+00
1.369424332746391304e+00 3.998658399273146369e+00 -1.839918915915242481e+00
9.849506250431204757e-01 4.413109561579499740e+00 -1.289085783739758462e+00
1.420205452488712661e+00 4.155974064705832305e+00 -1.806228402848152115e+00
1.021693692714923385e+00 4.440997080091480420e+00 -1.605890842670182561e+00
1.099672540667218090e+00 4.442306886829292978e+00 -1.730666005695271181e+00
1.614234360237412957e+00 4.483060947034593013e+00 -1.747198401771016263e+00
1.352135029522018028e+00 4.361854423642655298e+00 -1.627188604079863099e+00
1.188971040867731199e+00 4.830095943720777996e+00 -1.968868369993848289e+00
1.099128872691357950e+00 4.128573017551809166e+00 -1.636296639090440985e+00
2.077189609625835764e+00 4.299682754338991941e+00 -1.280865815345715086e+00
1.584574619770738213e+00 5.811833436081480286e+00 -4.938460644334871086e-01
1.505452769038183813e+00 5.431709882107738530e+00 -1.405169517157349723e+00
1.186441591813636842e+00 5.284954556360849764e+00 -6.317565616832341302e-01
1.683626941728054716e+00 4.730992145178960939e+00 -1.466651070604926499e+00
1.634880914177182065e+00 5.383503910598849806e+00 -1.884747762027636497e+00
1.957700014971767599e+00 4.589230198572294306e+00 -9.786441615920175030e-01
1.651026201682086691e+00 5.679591580069405232e+00 -4.728058287086693290e-01
9.506828577321490004e-01 5.225233266665219034e+00 -5.103044963311621496e-01
2.160476994075047230e+00 5.235226666627044168e+00 -8.600967133745982540e-01
1.693595825528431353e+00 4.559923240238591191e+00 -4.424764628714079606e-01
1.892258967293738436e+00 5.826929892997552152e+00 -1.291910146000317949e-01
1.733228924183050301e+00 5.460248425008176199e+00 2.040443850221844713e-01
2.193713878154631480e+00 5.129296563921162289e+00 3.450853205916292188e-01
2.275793538615659806e+00 5.075625411748963423e+00 3.039249710110764058e-01
2.230047009263304236e+00 5.970473529566020510e+00 -2.771596494384550025e-01
2.569970898342694099e+00 6.222812336835382929e+00 -5.165593703132861370e-01
2.447199596547402489e+00 6.229649613866456548e+00 -3.882863215839416071e-02
2.880877181504404305e+00 6.165481702537089603e+00 -1.196173036492384628e-01
2.585640121871893626e+00 5.804654129454537070e+00 1.354481378621931464e-01
2.286005068073855728e+00 5.597530961040074970e+00 -6.700670471057690314e-02
2.024528946639746696e+00 5.764648050238630361e+00 -4.395550724006952459e-02
2.517367117026170664e+00 6.174721345074668299e+00 5.259157305107630132e-01
2.653129288142917819e+00 6.609619541299761813e+00 -3.849995988377092893e-01
3.095332510578788554e+00 6.402118392414903880e+00 3.172304884628043831e-01
2.100294250955881736e+00 6.285720352986956527e+00 2.185074930909808866e-01
2.873666413990565882e+00 6.260983356924290533e+00 -7.286672288763496041e-02
2.685895148172128710e+00 6.493267805154848915e+00 -2.256411903145828513e-01
2.981854230703264275e+00 6.796823255637081118e+00 6.550504362733526875e-01
2.414651711334851125e+00 6.732552726674537524e+00 7.432167964366656054e-01
3.682172268575612861e+00 6.658623229372592434e+00 9.283679263708078944e-01
3.538291833801144648e+00 6.655027226705822585e+00 9.262405483092192027e-01
2.508065446022436529e+00 6.804918083726505529e+00 1.050349655572264451e+00
4.076291362518192685e+00 7.433032129579591363e+00 1.660395514689061436e-01
3.630013468934653709e+00 6.979013651867997048e+00 1.082493788023537462e+00
3.097638984023403985e+00 6.566598297178075860e+00 7.547272393221182707e-01
3.682684997283241390e+00 7.356927754586300772e+00 1.364525186808674295e+00
3.323278125547862505e+00 7.426401560508334221e+00 1.365153490595599095e+00
3.703474962004154492e+00 6.946745100350407931e+00 7.298859813940806740e-01
4.012014028741873517e+00 7.117075706698201998e+00 1.840691232727923232e+00
3.737022758647954301e+00 7.112183265516129893e+00 1.557656270552651323e+00
2.835282655246045724e+00 7.910413369553035423e+00 1.602344502880441723e+00
3.850281533786061861e+00 7.696093923503444678e+00 1.232773595457408611e+00
4.192053448005898630e+00 8.096264131947235043e+00 9.928813760895697227e-01
3.909729128082968685e+00 8.059499178991337942e+00 1.963965462701690257e+00
3.513007144685824201e+00 7.374133296426424344e+00 1.293513301395524895e+00
3.704381619926047975e+00 8.573825585325852927e+00 1.691517389354370460e+00
4.538898578645616411e+00 7.799394832435394775e+00 1.774692137877524445e+00
3.843359672570668906e+00 8.436920770155529326e+00 1.839605969766171967e+00
3.708714242231394120e+00 8.375239538777712767e+00 2.528098419136021846e+00
4.676883458546327255e+00 7.699351856101554148e+00 1.647169817083238508e+00
4.233236202960001471e+00 8.404856875476474087e+00 3.100522057774433016e+00
4.324427802007836164e+00 8.495268285029908384e+00 2.082072622191190714e+00
4.146807074989575348e+00 8.672665576478493676e+00 2.123751695623574243e+00
4.428691217094800514e+00 8.905016926771459396e+00 2.450983436768444435e+00
5.292297324836573225e+00 8.774098725638232565e+00 1.876156738705373694e+00
4.131346522752463279e+00 8.664627811862315454e+00 2.931955978660207407e+00
4.589538979270125552e+00 7.975060259588211409e+00 2.083491335565073932e+00
4.510482770367016947e+00 9.146848586011183002e+00 2.887434970594847439e+00
4.109438413930061706e+00 8.571240250042423625e+00 2.479553190355833436e+00
5.051429582073965641e+00 8.404906287496778816e+00 2.552499052554566106e+00
4.987972944874642600e+00 8.834334009729536419e+00 2.935449830641640112e+00
4.569943474835253205e+00 8.837404581798086411e+00 3.210589970464718057e+00
4.390471310206355504e+00 9.444405014680880228e+00 2.997479424455382624e+00
