3.597194509019736031e-01 -5.655389195420764681e-01 -2.354193482385790459e-01 1.000000000000000000e+00
1.248241407411887494e+00 -6.870733083494228177e-01 -8.082786808674093937e-01 3.000000000000000000e+00
-2.719042516418186839e+00 -9.357825789764161462e-01 8.776276037910197836e-01 3.000000000000000000e+00
3.089098513858234973e-01 -1.045973665564882138e+00 1.119231572792842022e-01 1.000000000000000000e+00
-6.848418790399339873e-01 -7.547268529329494990e-01 8.187491687216023051e-01 1.000000000000000000e+00
4.749071417549927676e-01 -1.182792846544973742e+00 1.363975957360399782e+00 3.000000000000000000e+00
1.232562195119057957e+00 -1.058169829682953367e+00 -8.451865772575121172e-01 3.000000000000000000e+00
1.328314493853877565e+00 -1.005229291652514734e+00 -5.591435239483352193e-01 3.000000000000000000e+00
-2.957530522642032533e+00 -1.503405596335451122e+00 5.289981020845513360e-01 3.000000000000000000e+00
-3.660642311135229449e-02 -1.237300810480675750e+00 5.698568495118141453e-01 1.000000000000000000e+00
3.271159809577650068e-01 -7.005290884832150455e-01 -1.750711727568743825e+00 3.000000000000000000e+00
1.332512883798404379e+00 -7.668569297748817348e-01 1.803455277387579214e-01 3.000000000000000000e+00
-7.168487295420258310e-01 -9.423652077168609420e-01 8.216578351910474032e-01 1.000000000000000000e+00
8.878336852989733297e-01 -4.170994671824267974e-01 1.018313888208521201e+00 3.000000000000000000e+00
9.163282821724727523e-01 -6.468817899725304299e-01 -1.325312058040082341e+00 3.000000000000000000e+00
2.732994400438457094e-01 -9.646540563621308628e-01 -5.530421428005195539e-01 1.000000000000000000e+00
-8.464085681613950918e-01 -1.361694724785414312e+00 8.259792168032084048e-01 1.000000000000000000e+00
-1.183841938390370663e+00 -6.706561088331631781e-01 7.815494944244782971e-01 1.000000000000000000e+00
-9.862831026882256102e-01 -6.773590761560912554e-01 8.174097765342676070e-01 1.000000000000000000e+00
1.370973735790218972e+00 -7.363506697346630103e-01 -1.149381103416157873e-01 3.000000000000000000e+00
9.398491887991895499e-01 -8.716675786495269307e-01 9.594109975971062410e-01 3.000000000000000000e+00
-5.634813441434769477e-01 -1.329917498146454102e+00 -1.932720774209168102e+00 3.000000000000000000e+00
1.203097060508382166e+00 -1.442630094350455527e+00 5.545285961645645134e-01 3.000000000000000000e+00
9.586640951327746185e-02 -5.102696824576747892e-01 -1.840325989718579747e+00 3.000000000000000000e+00
1.322457694556263830e+00 -1.118810580832025003e+00 2.230839455921848347e-01 3.000000000000000000e+00
-1.487014303447038666e+00 -6.922536173626190337e-01 6.666514625882685730e-01 1.000000000000000000e+00
1.309148332232121348e+00 -1.215523522157654801e+00 2.732921049525328661e-01 3.000000000000000000e+00
-2.092308351511757536e+00 -6.789673865626955074e-01 -9.878935008325484546e-01 1.000000000000000000e+00
-1.656122539900102719e+00 -7.174168518080517032e-01 5.636782878380043327e-01 1.000000000000000000e+00
1.327399252615970804e+00 -1.588157674116020157e+00 -5.630002211488054353e-01 3.000000000000000000e+00
1.139560152597898446e+00 -1.054265042436684174e+00 6.755762069459431141e-01 3.000000000000000000e+00
-4.398870459702846625e-01 -7.535709603370667198e-01 7.709617440972406088e-01 1.000000000000000000e+00
-1.669163821040287932e+00 -6.289821072364404353e-01 5.542871704716914039e-01 1.000000000000000000e+00
-1.974989576311896311e+00 -1.349479854607825491e+00 2.439947004476685499e-01 1.000000000000000000e+00
-1.654859383459606204e-01 -8.846331928165659386e-01 1.647691832938600776e+00 3.000000000000000000e+00
2.743751317796324640e-01 1.495743950089648833e-01 -5.509036948921604004e-01 1.000000000000000000e+00
-7.764373913234277058e-01 -1.639261769956120496e+00 8.251192114665037991e-01 1.000000000000000000e+00
3.501189361538258327e-01 -1.144161249247071854e+00 -4.520608738070058807e-02 1.000000000000000000e+00
-1.456356651914619826e+00 -1.123426198339952053e+00 6.819978101252224256e-01 1.000000000000000000e+00
-7.785408269134480586e-02 -1.160684823141704625e+00 5.997699368433332401e-01 1.000000000000000000e+00
-2.166146984286124066e+00 -1.184404367971774397e+00 -7.704921317898290045e-01 1.000000000000000000e+00
2.149105779403407135e-01 3.330069107344550972e-01 -1.798386190880070234e+00 3.000000000000000000e+00
-2.865944500582476850e-01 -1.535692516424453258e+00 7.155450201112947273e-01 1.000000000000000000e+00
7.679906799449650601e-01 -1.139639236711619485e+00 1.138214039136633993e+00 3.000000000000000000e+00
-1.933819697668376136e+00 -1.192997431392279095e+00 -1.259874748505054987e+00 3.000000000000000000e+00
-1.142261318127277381e+00 -6.596094899454693072e-01 1.717545449436601812e+00 3.000000000000000000e+00
-1.198737999443548308e+00 -2.501163358500496647e-01 7.776749650579684037e-01 1.000000000000000000e+00
3.602981540193272991e-01 -6.959075716591127669e-01 -1.394804403993615549e-01 1.000000000000000000e+00
4.103145174834584297e-01 -1.728097593352751593e+00 -1.709823982855969815e+00 3.000000000000000000e+00
-3.772459084657787259e-02 -1.002912540580678469e+00 5.707049182149250832e-01 1.000000000000000000e+00
8.892870799672694115e-01 -5.760526210894690857e-01 -1.353851195174324840e+00 3.000000000000000000e+00
1.112641959203569897e+00 -6.367448605740183565e-01 7.209879794614414417e-01 3.000000000000000000e+00
-7.322672400248636526e-02 -1.320061495677699481e+00 5.965498698057879468e-01 1.000000000000000000e+00
-3.932875588788192073e-02 -1.158866788311330831e+00 5.719178111999041469e-01 1.000000000000000000e+00
2.027713937882363593e-01 -1.670521275594547328e+00 -1.803058218382489253e+00 3.000000000000000000e+00
1.312923095307245269e+00 -4.414270522904196192e-01 -6.192633252409145417e-01 3.000000000000000000e+00
-1.011757047351637295e+00 -1.089668294963916706e+00 8.143678128040666708e-01 1.000000000000000000e+00
-1.828451541165924121e-01 -1.112199650308917098e+00 6.646665314334240238e-01 1.000000000000000000e+00
6.519883046027101781e-01 -8.415296151583678830e-01 -1.559974643558151408e+00 3.000000000000000000e+00
-1.151679140752839281e+00 -1.009886055023891061e+00 -1.824019674817006775e+00 3.000000000000000000e+00
-6.110230775715556062e-01 -1.217141502962292732e+00 8.091898758334465924e-01 1.000000000000000000e+00
-4.003085766182370997e-01 -8.881208834742760905e-01 7.587022245645568264e-01 1.000000000000000000e+00
-8.349919939997427765e-01 -3.659102419696721453e-01 8.260736763341733901e-01 1.000000000000000000e+00
-1.679621544839609237e+00 -1.317736306343485486e+00 1.591320644084985192e+00 3.000000000000000000e+00
1.242569145611835513e+00 -5.901762934241511216e-01 4.657771924979999256e-01 3.000000000000000000e+00
1.342897326786193890e+00 -6.609858228115921275e-01 -4.909367989645456731e-01 3.000000000000000000e+00
-1.796021825114106685e+00 -9.623828943095970034e-01 4.495218266422548181e-01 1.000000000000000000e+00
1.618651771412323026e-01 -1.321221420717549666e+00 3.752257153717244997e-01 1.000000000000000000e+00
2.045413188273502991e-01 -7.473424399169059651e-01 3.164581599828987790e-01 1.000000000000000000e+00
-1.927099699944667677e+00 -1.482051527941829150e+00 3.079515908365095256e-01 1.000000000000000000e+00
-1.448742006183045827e-01 5.062531415340975477e-02 6.429031952450561249e-01 1.000000000000000000e+00
1.318890778978393907e+00 -1.418783004811181803e+00 -5.970510115038409893e-01 3.000000000000000000e+00
-8.526052078295185410e-01 -1.135303687372234194e+00 -9.531361927805821477e-01 1.000000000000000000e+00
-2.032867612214964148e-01 -8.717161546643612535e-01 6.756501558467447044e-01 1.000000000000000000e+00
-1.512401839236591883e+00 -1.086514251707098255e+00 6.532267820481114651e-01 1.000000000000000000e+00
5.043139986361256516e-02 -7.009397630313806138e-01 4.965721204715786152e-01 1.000000000000000000e+00
1.301377199209801327e+00 -3.818119233946036251e-01 -6.591182454535354784e-01 3.000000000000000000e+00
8.379437138331718993e-01 -1.021727252060463220e+00 -1.404784839833522092e+00 3.000000000000000000e+00
1.199917511800393521e+00 -2.301163472058391779e-01 -9.151405488189238158e-01 3.000000000000000000e+00
-2.402719796506222472e-02 -8.142322470804190804e-01 5.601660789716820243e-01 1.000000000000000000e+00
-1.790485702917568589e-01 -6.048567043884995886e-01 6.625713611002780334e-01 1.000000000000000000e+00
-1.084869395573099915e+00 -1.171570517645127429e+00 -1.846288629336170883e+00 3.000000000000000000e+00
6.612138359183129532e-01 -7.284210553591951021e-01 -1.553202845751591621e+00 3.000000000000000000e+00
7.083443890455743963e-01 -9.214381676719406444e-01 -1.517214827105476838e+00 3.000000000000000000e+00
-7.521022129887197094e-01 -1.017720608266563076e+00 -1.918281523484134388e+00 3.000000000000000000e+00
6.905809390302839468e-01 -4.457838466355240614e-01 -1.531058192347377611e+00 3.000000000000000000e+00
6.389814057120711821e-01 -9.570753392867497045e-01 1.247655355380323794e+00 3.000000000000000000e+00
-2.202409897556979690e+00 -1.076275167061401694e+00 -4.755568687279562168e-01 1.000000000000000000e+00
-2.026869657919215528e-01 -4.342149142416670271e-01 1.657612340004806173e+00 3.000000000000000000e+00
1.350974241679473220e+00 -5.350673459874698557e-01 8.391480730447656300e-02 3.000000000000000000e+00
1.281314088224896564e+00 -8.945235457339355545e-01 3.628171334878187437e-01 3.000000000000000000e+00
-1.700326117878538712e+00 -1.133988811939176555e+00 5.308843667729326032e-01 1.000000000000000000e+00
-4.756148814357110122e-01 -1.409186534916688105e+00 -1.933273935278156941e+00 3.000000000000000000e+00
7.055694603519259422e-02 -9.157681034038763768e-01 1.569463212287408371e+00 3.000000000000000000e+00
4.932695454498693954e-01 -6.099317964840915707e-01 -1.663934031710071260e+00 3.000000000000000000e+00
5.111486389636320515e-01 -7.599542444632142457e-01 -1.653328289091221093e+00 3.000000000000000000e+00
-9.340287364411652415e-01 -7.457047449417589791e-01 8.222165715413367604e-01 1.000000000000000000e+00
-1.841575699574700797e+00 -1.130480025625523632e+00 4.049043206374732806e-01 1.000000000000000000e+00
1.007492007467921669e+00 -7.581068250642974959e-01 -1.218851129965492941e+00 3.000000000000000000e+00
-4.700998811960809820e-01 -7.750846089669704009e-01 1.711107819143192099e+00 3.000000000000000000e+00
1.337924041226906446e+00 -1.163377935650536266e+00 -5.158345495659869551e-01 3.000000000000000000e+00
1.321741135960418645e-01 -1.362366350730718656e+00 -7.529684695009845052e-01 1.000000000000000000e+00
-5.214614771852507658e-02 -8.079054918447090561e-01 -1.881006910419032785e+00 3.000000000000000000e+00
-4.009100393602899604e-01 -6.693929457602479927e-01 -1.930690527517277211e+00 3.000000000000000000e+00
-1.202013944712763127e+00 -7.369439990595927359e-01 7.768000680430116045e-01 1.000000000000000000e+00
-2.092235184012724236e+00 -6.616770135776289807e-01 3.869394814213074352e-02 1.000000000000000000e+00
8.122792395669650722e-02 -1.177485627559124115e+00 4.666710571148749431e-01 1.000000000000000000e+00
7.286927561517105856e-01 -1.069191021771183081e+00 1.173477329441152239e+00 3.000000000000000000e+00
-4.677601076019965443e-01 -1.362706980233665988e+00 -1.026168898726412371e+00 1.000000000000000000e+00
-2.137631262725403491e+00 -1.216194139991967349e+00 -8.698731222286913978e-01 1.000000000000000000e+00
-6.659469582402184340e-01 -3.218868563749288092e-01 8.166836652899984728e-01 1.000000000000000000e+00
-2.249914951222106441e-01 -4.812248099813440372e-01 -1.913477174031265271e+00 3.000000000000000000e+00
-7.870830131452666301e-01 -7.914113398560637114e-01 8.254723320247018270e-01 1.000000000000000000e+00
1.029059422807950375e+00 -9.730739860541289810e-01 8.459866450761633905e-01 3.000000000000000000e+00
-3.310165269087964601e-01 -9.473726817011038914e-01 7.338659185123841411e-01 1.000000000000000000e+00
1.474499333942017043e-01 -5.796727849990108705e-01 -7.364685336683953754e-01 1.000000000000000000e+00
8.263190007992698982e-01 -1.933281559889913792e+00 1.082356067300078051e+00 3.000000000000000000e+00
-4.186030737515109568e-01 -5.290033343462176019e-01 7.645376808068912178e-01 1.000000000000000000e+00
1.108796456754380877e+00 -4.577087168844279352e-01 -1.076513761655151891e+00 3.000000000000000000e+00
1.368995299566360124e+00 -1.124568164069168041e+00 -7.668633824814555244e-02 3.000000000000000000e+00
9.510675632134608648e-01 -4.628949998886877082e-01 9.460668456630978440e-01 3.000000000000000000e+00
3.035026598947689891e-01 -8.278685910941030457e-01 1.264340278058816158e-01 1.000000000000000000e+00
3.548485189038335652e-01 -5.122971430122654768e-01 -2.865598503908984296e-01 1.000000000000000000e+00
3.262523454691762526e-01 -1.402074797255245642e+00 5.909144230994410607e-02 1.000000000000000000e+00
1.369388817686160609e+00 -1.349214422717389228e+00 -2.792139689257589485e-01 3.000000000000000000e+00
3.429717017482625807e-01 -3.428676996768646457e-01 -7.162886123979590736e-03 1.000000000000000000e+00
3.200858469256545602e-01 -1.057843052371784331e+00 -1.753944036934157902e+00 3.000000000000000000e+00
1.085235227065696639e+00 -1.269285110584871257e+00 7.644046601266698548e-01 3.000000000000000000e+00
-1.196276560601071237e+00 -1.063560908568355723e+00 7.783269090483824204e-01 1.000000000000000000e+00
3.596909447148502470e-01 -1.446737847943103894e+00 -2.358635365769769787e-01 1.000000000000000000e+00
1.337383764503731753e-01 -1.015941367040657406e+00 -1.827906504738866733e+00 3.000000000000000000e+00
-3.367911584574960204e-01 -1.055748379843902823e-01 7.361062062849180743e-01 1.000000000000000000e+00
-1.892729998441609884e-01 -3.757152788271675425e-01 6.681740093169196149e-01 1.000000000000000000e+00
-4.385889541749365406e-01 -6.352530803305955764e-01 7.705810382699441741e-01 1.000000000000000000e+00
1.353918162410262527e-01 -3.501739280848653046e-01 -7.495647238747946695e-01 1.000000000000000000e+00
7.864243572013999151e-01 -1.125637769831628221e+00 -1.452041244388524888e+00 3.000000000000000000e+00
1.196456138721128770e+00 -2.694658688797868518e-01 -9.220949480057307746e-01 3.000000000000000000e+00
-7.217415826523763123e-01 -6.721063325012509582e-01 8.220375074805569282e-01 1.000000000000000000e+00
3.149882386376960663e-02 -1.135970832824241050e+00 5.138349527595246213e-01 1.000000000000000000e+00
1.812010161357468785e-01 -6.951867349624235581e-01 -6.966424215019726418e-01 1.000000000000000000e+00
-5.565826720346294110e-01 -1.148089335058487981e+00 -1.932904918617660561e+00 3.000000000000000000e+00
3.164553144736248491e-01 -1.177502130709436656e+00 9.027806654784771567e-02 1.000000000000000000e+00
1.327437455115466181e+00 -1.057829872254000936e+00 2.025349435189494895e-01 3.000000000000000000e+00
-1.450212038870808851e+00 -1.132388043696290536e+00 -1.686486830641978019e+00 3.000000000000000000e+00
1.209004426825014133e-01 -9.512434545357553173e-01 1.549147207479179000e+00 3.000000000000000000e+00
1.371732282030196259e+00 -1.135051659624246367e+00 -2.246556577549142231e-01 3.000000000000000000e+00
1.082739276473675849e+00 -5.141717440705207975e-01 -1.116119482806193330e+00 3.000000000000000000e+00
-9.144931598867898082e-01 -1.430957177174650985e+00 8.235210854675847347e-01 1.000000000000000000e+00
2.684347887956226031e-01 -8.165156931520769490e-01 2.065037868477220540e-01 1.000000000000000000e+00
-5.540118146832887988e-03 -1.674497900083353752e+00 5.454060821678562432e-01 1.000000000000000000e+00
1.260816180995736335e+00 -1.248765160693478871e+00 -7.767577144339128381e-01 3.000000000000000000e+00
3.225442587056713273e-01 -3.378866606030768160e-01 -1.752817538974032585e+00 3.000000000000000000e+00
1.406943231709638920e-01 -1.354371918552212284e+00 4.013847459948112761e-01 1.000000000000000000e+00
-1.772341018364502085e+00 -8.538888318950265122e-01 4.711115139255709905e-01 1.000000000000000000e+00
-1.207831813073391158e+00 -9.061865684870412663e-01 -1.803074667645856444e+00 3.000000000000000000e+00
1.330365935701771640e+00 -4.394458154916817683e-01 -5.503453079067568421e-01 3.000000000000000000e+00
-6.831194992776918884e-01 -8.601156347927566559e-01 8.185716476890677606e-01 1.000000000000000000e+00
3.590015514739592906e-01 -4.132546812089007426e-01 -1.191176498101920861e-01 1.000000000000000000e+00
2.846260278941868394e-01 -1.002586808717945477e+00 1.720673558863800023e-01 1.000000000000000000e+00
-1.280588635237051465e+00 -8.129287595678257317e-01 7.533005484984011124e-01 1.000000000000000000e+00
-6.384782022400395940e-01 -5.862768827698393581e-01 8.132148650107215992e-01 1.000000000000000000e+00
-6.236608820420715960e-01 -8.855925784439065973e-01 8.111123580149764978e-01 1.000000000000000000e+00
1.003953096264681655e+00 -7.143213163262106535e-01 -1.223316420796812798e+00 3.000000000000000000e+00
1.140177058214747463e+00 -1.070937256696463891e+00 -1.025416687013809280e+00 3.000000000000000000e+00
-2.153249027269045435e+00 -9.384506753976695759e-01 -1.261987811092784295e-01 1.000000000000000000e+00
7.617959504018163575e-01 -6.123085861661160534e-01 -1.473394047722481837e+00 3.000000000000000000e+00
8.409014910637775675e-02 -5.300011402035844643e-01 4.637686792133721148e-01 1.000000000000000000e+00
-3.231783641801760920e-02 -4.960745089174519173e-01 -8.880492379984079587e-01 1.000000000000000000e+00
1.361096770920723564e+00 -1.357196496201883207e+00 1.110365692364647001e-02 3.000000000000000000e+00
1.308240699119113781e+00 -2.634489024181596584e-01 -6.358809970399769140e-01 3.000000000000000000e+00
-1.787872859659279223e+00 -1.089648580793407318e+00 4.570682537415821645e-01 1.000000000000000000e+00
-3.306697744758781421e-01 -5.687220486678850051e-01 7.337303794936116397e-01 1.000000000000000000e+00
7.296550868264951584e-01 -6.714982548858835498e-01 1.172635214497968148e+00 3.000000000000000000e+00
7.709347005310654977e-01 -7.022677439073339301e-01 -1.465559845855448184e+00 3.000000000000000000e+00
-6.278032858998378041e-01 -1.307313110760703445e+00 8.117165700278845542e-01 1.000000000000000000e+00
3.286641534373089257e-01 -1.013385992363281529e+00 5.073898674874909032e-02 1.000000000000000000e+00
1.090520769495858300e+00 -2.006735322497969487e-01 7.562344420239661691e-01 3.000000000000000000e+00
5.997772884800771642e-01 -1.130135401016053143e+00 1.277571907246959126e+00 3.000000000000000000e+00
-1.801127848171640400e+00 -6.263776338200116589e-01 4.447289188893914780e-01 1.000000000000000000e+00
3.590560547857391538e-01 -1.255590109446433456e+00 -2.449362340523616732e-01 1.000000000000000000e+00
4.187200548098956587e-01 -1.578708201739130512e+00 1.398864553825029500e+00 3.000000000000000000e+00
2.012629588903547956e-02 1.947127513608058746e-01 5.238270650704234255e-01 1.000000000000000000e+00
-2.034650614023592041e+00 -5.801585824847986794e-01 1.506153329248908490e-01 1.000000000000000000e+00
-6.719220240587696624e-01 -1.428319286745711736e+00 8.173649559308093782e-01 1.000000000000000000e+00
-2.627450666858707762e-01 5.949818438034725626e-02 -9.919218672037179996e-01 1.000000000000000000e+00
2.115025102978717597e-01 -7.479912526838369269e-01 -6.561321655481725523e-01 1.000000000000000000e+00
7.355194456865089547e-01 -1.192700631474929857e-01 -1.495353523180416921e+00 3.000000000000000000e+00
-7.856336734456669246e-01 -1.069895990054110513e+00 8.254289671082671864e-01 1.000000000000000000e+00
-1.003993749079213904e+00 -5.348378700557462340e-01 -1.869579039439833279e+00 3.000000000000000000e+00
2.728884556117760485e-01 -1.138866538305010945e+00 1.973877361013988696e-01 1.000000000000000000e+00
1.330011267581457934e+00 -5.413181568617864148e-01 1.914529146628297374e-01 3.000000000000000000e+00
-1.194225847190667489e+00 -9.318878355026224414e-01 7.788665176711807581e-01 1.000000000000000000e+00
1.211989825390881625e+00 -5.509898617062350956e-01 5.356305033017260131e-01 3.000000000000000000e+00
2.448133577952338047e-01 -1.077817128829757554e+00 -1.786481145694516437e+00 3.000000000000000000e+00
-1.338178468893927442e-01 -1.347135847201762049e+00 1.638747800727862636e+00 3.000000000000000000e+00
1.276493450788591666e+00 -1.109603017755759424e+00 3.767666910980950190e-01 3.000000000000000000e+00
1.370514172671291053e+00 -1.149165586886006452e+00 -2.580312131271572662e-01 3.000000000000000000e+00
-1.077853037103307487e+00 -1.108766957706434519e+00 -1.848465609280046218e+00 3.000000000000000000e+00
3.427786172508138218e-01 -7.035810885051819730e-01 -6.250869089919565760e-03 1.000000000000000000e+00
3.201003023629635513e-01 -2.196030563703323391e-01 7.913476782490233563e-02 1.000000000000000000e+00
-1.439379752513936461e+00 -1.252520000764056007e+00 1.663022983103027652e+00 3.000000000000000000e+00
-1.007867355758344796e-01 -6.996528160065447199e-01 6.152503240414251007e-01 1.000000000000000000e+00
-8.577129467620298042e-01 -5.664067910938137551e-01 8.257957128970068172e-01 1.000000000000000000e+00
7.077443346160030568e-01 -1.372643743594109234e+00 1.191556234431429218e+00 3.000000000000000000e+00
-1.037497764741837081e-01 -9.463286520878835262e-01 6.171939427985383420e-01 1.000000000000000000e+00
-3.113757539952796805e+00 -9.134329777356905988e-02 1.693793715697210212e-01 3.000000000000000000e+00
1.194503502641615506e-01 -6.918461911720943380e-01 -1.832691202416916632e+00 3.000000000000000000e+00
1.195122027008443527e-01 -1.018673870553063576e+00 4.259159400468260914e-01 1.000000000000000000e+00
2.795733884806346145e-02 -1.664225323750258001e+00 5.169760778897769526e-01 1.000000000000000000e+00
2.385448941905592701e-01 -7.155818657780349534e-01 2.621174507310980450e-01 1.000000000000000000e+00
-2.794625641327947926e-02 -7.608469080778652582e-01 5.632151464545583908e-01 1.000000000000000000e+00
-1.138685502154838242e-01 -8.544310089214754989e-01 -9.339816078641756114e-01 1.000000000000000000e+00
-1.131026723838220782e+00 -9.961910538854532593e-01 -1.831204945965765329e+00 3.000000000000000000e+00
-1.676700041065711355e+00 -1.037189621117568850e+00 5.487537984005056435e-01 1.000000000000000000e+00
-4.080840802654989719e-01 -1.430110513291188434e+00 7.612182194593710705e-01 1.000000000000000000e+00
1.261138797866473649e+00 -5.477660721037508340e-01 -7.759239114636338197e-01 3.000000000000000000e+00
1.145432168145311236e+00 -1.094885007985155978e+00 -1.016452580879015244e+00 3.000000000000000000e+00
1.980477842256496146e-01 -7.963235286828451720e-01 3.259986308378386988e-01 1.000000000000000000e+00
2.691895795356495369e-01 -9.394461663334995327e-01 2.049762907831906567e-01 1.000000000000000000e+00
3.611731693202656635e-01 -8.500840716616254733e-01 -1.627643581388984739e-01 1.000000000000000000e+00
-2.180675184406661860e+00 -8.240510987922482489e-01 -7.032569468824966252e-01 1.000000000000000000e+00
3.609235256985641738e-01 -8.877396308320977258e-01 -2.108445432590225765e-01 1.000000000000000000e+00
1.316919465254440702e+00 -5.033965684017712716e-01 -6.045265466451161807e-01 3.000000000000000000e+00
1.247701716169018482e+00 -1.544793929147010303e+00 4.531957186662945447e-01 3.000000000000000000e+00
1.782234388625898169e-01 -6.674605463384538639e-01 3.537404154048746086e-01 1.000000000000000000e+00
2.512103015857106159e-01 -7.823586151606732875e-01 -5.939026370522108023e-01 1.000000000000000000e+00
-6.083908104250858040e-01 -6.223405973465765406e-01 8.087744082000255519e-01 1.000000000000000000e+00
1.774473129978447472e-01 -3.089245652404188913e-01 -7.013246388135571108e-01 1.000000000000000000e+00
2.900251741978477349e-01 -1.303005004442765680e+00 1.597047009280704033e-01 1.000000000000000000e+00
-3.673216760969077316e-02 -1.708927056030252301e+00 5.699523425805659294e-01 1.000000000000000000e+00
-6.751917345290053829e-02 -8.810149331166763353e-01 -1.884537533726204472e+00 3.000000000000000000e+00
-1.939242348221726475e+00 -7.325808573489834830e-01 2.924972458792708951e-01 1.000000000000000000e+00
1.356507838626043738e-01 -1.071188201658571204e+00 4.073668918185193721e-01 1.000000000000000000e+00
1.328598422600126394e+00 -7.645724382547873788e-01 -5.579389574931313822e-01 3.000000000000000000e+00
9.878348789776524308e-01 -8.611035088899805512e-01 9.005670477532790041e-01 3.000000000000000000e+00
1.223084575869286095e+00 -5.862501491598305359e-01 -8.663762708604684226e-01 3.000000000000000000e+00
3.505926471475666051e-01 -1.282180978406245231e+00 -3.158726438367020495e-01 1.000000000000000000e+00
-1.456013412169155030e+00 -6.128074890947992071e-01 6.821643989482093495e-01 1.000000000000000000e+00
1.350872746055814089e+00 -8.391972570348781302e-01 -4.459736852022951337e-01 3.000000000000000000e+00
2.062031437428925029e-01 -1.423936766901590323e+00 3.139777129652022714e-01 1.000000000000000000e+00
1.372197510774048945e+00 -9.734823830182017801e-01 -1.624543841440814762e-01 3.000000000000000000e+00
-1.695910540249381926e+00 -2.845452677722832280e-01 5.342854339349989434e-01 1.000000000000000000e+00
-1.661319374831436768e+00 -1.609812570297129319e+00 5.599637093616535166e-01 1.000000000000000000e+00
-1.644711116093696135e-01 -1.634590370306638674e+00 6.543619559028976962e-01 1.000000000000000000e+00
1.035364939599635159e+00 -2.194189827706906626e-01 -1.182604872441381794e+00 3.000000000000000000e+00
3.102989654924690477e-01 -5.855756108938826587e-01 -4.682150660978571244e-01 1.000000000000000000e+00
3.590746865979929092e-01 -1.893710627172178196e+00 -1.200892772278707443e-01 1.000000000000000000e+00
1.371643250781372503e+00 -6.417917628992799717e-01 -2.279155625792357032e-01 3.000000000000000000e+00
-2.536597514934155195e-01 -1.300338662881386886e+00 -1.917356434380602215e+00 3.000000000000000000e+00
7.594961275572039705e-01 -8.838774082721558845e-01 -1.475349326532654493e+00 3.000000000000000000e+00
-1.466242177629953347e-02 -1.069846405928283950e+00 5.527681173918972402e-01 1.000000000000000000e+00
1.363352499015918484e+00 -1.198888234630136163e+00 -3.527104742255698921e-01 3.000000000000000000e+00
3.611032069461900251e-01 -3.559285990013646983e-01 -1.599994989905202947e-01 1.000000000000000000e+00
1.202990770654473462e-01 -3.396088128768832148e-01 4.250316829643071004e-01 1.000000000000000000e+00
1.176042892115850336e+00 -1.281798456290965671e+00 -9.615718262983086184e-01 3.000000000000000000e+00
4.575021477349658361e-01 -4.531749057166256645e-01 1.375032337011162786e+00 3.000000000000000000e+00
-1.977239347407169889e+00 -1.128519287083622480e+00 2.407777049097433175e-01 1.000000000000000000e+00
9.384801795672785829e-01 -5.638183727783685484e-01 -1.300968967865264059e+00 3.000000000000000000e+00
-7.070798081398530499e-01 -7.660142236604986499e-01 8.208483858646740128e-01 1.000000000000000000e+00
-1.039980325541221440e+00 -1.039228469592623716e+00 8.104589874512792003e-01 1.000000000000000000e+00
3.538290139798042633e-01 -1.207109118407390325e+00 -2.943035289046789238e-01 1.000000000000000000e+00
-1.462900740078152628e+00 -8.992617047335510483e-01 6.787997530754749098e-01 1.000000000000000000e+00
4.814112764387407095e-02 -5.453852873152036373e-01 -1.854790132691717996e+00 3.000000000000000000e+00
-5.799807900004688710e-01 -6.341280658010218785e-01 1.724417747875274909e+00 3.000000000000000000e+00
1.269971668999764436e+00 -3.508236742879001224e-01 -7.525569904500081231e-01 3.000000000000000000e+00
6.046021670413258553e-01 -8.369230706493685501e-01 -1.593426637056006623e+00 3.000000000000000000e+00
-8.227148567369613197e-01 -8.123966263138521215e-01 -1.908119663509407093e+00 3.000000000000000000e+00
-1.320481676272442950e+00 -1.390705956224568718e+00 7.394670673713911180e-01 1.000000000000000000e+00
-6.516439523035798542e-01 -9.167547453654436573e-01 -1.015315470960487465e+00 1.000000000000000000e+00
6.291668760292511431e-01 -9.104443439302698504e-01 -1.576358808601749262e+00 3.000000000000000000e+00
2.833268677238528488e-01 -1.164953351768847289e+00 1.473960681570019915e+00 3.000000000000000000e+00
6.641221765245709785e-02 -1.535619671070923564e+00 1.571076113509617622e+00 3.000000000000000000e+00
-4.868920650367049574e-01 -9.641783773237062594e-01 7.837961581061760885e-01 1.000000000000000000e+00
1.094579299442232978e+00 -1.246697487711542429e+00 -1.098415839373744207e+00 3.000000000000000000e+00
-1.128295309874310925e+00 -1.250675829722779797e+00 7.945190835304305477e-01 1.000000000000000000e+00
-7.365535383129152569e-01 -5.866914404121964521e-01 8.230823996261360520e-01 1.000000000000000000e+00
1.371777607029597501e+00 -8.112473051081392494e-01 -2.228980641539277940e-01 3.000000000000000000e+00
-2.025720795954081943e+00 -6.699951240594402835e-01 1.657866486541203221e-01 1.000000000000000000e+00
7.308304611859648414e-01 -8.644620866658326852e-01 1.171605024791327887e+00 3.000000000000000000e+00
8.572654345975597168e-02 -4.184451086694608302e-01 4.620994137896070053e-01 1.000000000000000000e+00
1.680854343715437738e-01 -8.616654000869391483e-01 3.671948793015358259e-01 1.000000000000000000e+00
6.947414798699964866e-02 -1.043171901093584264e+00 4.783634992106236550e-01 1.000000000000000000e+00
-8.855379315193767642e-01 -1.147421330845265652e+00 8.249629580213846403e-01 1.000000000000000000e+00
-8.689602968009177975e-01 -5.159791750667571675e-01 8.255243437220568525e-01 1.000000000000000000e+00
1.716627746992762105e-01 -1.013353620799206656e+00 -7.084091909771491613e-01 1.000000000000000000e+00
1.359174343446125199e+00 -1.167783754059805057e+00 -3.887482409757181956e-01 3.000000000000000000e+00
-1.600684302882610988e+00 -1.122641589288660757e+00 6.011228523631177989e-01 1.000000000000000000e+00
-5.209552379178765680e-01 -9.349793758779398889e-01 7.919671622798726274e-01 1.000000000000000000e+00
2.777017924856772235e-01 -5.341161372603976387e-01 1.872434317121768610e-01 1.000000000000000000e+00
1.194826057492667459e+00 -6.214659303800040835e-01 5.716113454108141534e-01 3.000000000000000000e+00
-8.382317278319360021e-01 -5.833546677037255712e-01 8.260561644192789821e-01 1.000000000000000000e+00
2.384474265240336260e-02 -8.082273779506946587e-01 -1.861655298263974689e+00 3.000000000000000000e+00
-1.347403239397040042e-01 -9.087936555245600401e-01 -9.439980301483695824e-01 1.000000000000000000e+00
-1.777826395479523702e+00 -1.173700805520897061e+00 4.662019328577617916e-01 1.000000000000000000e+00
1.306630852265384890e+00 -9.344092331058251322e-01 2.821484902475766554e-01 3.000000000000000000e+00
3.608492736370452203e-01 -9.499093129815181502e-01 -2.129424226257194963e-01 1.000000000000000000e+00
1.369281818312574339e+00 -4.551073798133076220e-01 -8.131399641008367485e-02 3.000000000000000000e+00
-1.980670857279642760e-01 -1.433962356041657893e+00 6.728926333609658306e-01 1.000000000000000000e+00
-9.438917666036575338e-02 -6.077522231820492449e-01 6.110103007770159023e-01 1.000000000000000000e+00
1.337132148737369519e+00 -1.422142964072467430e+00 1.588513771948041609e-01 3.000000000000000000e+00
5.761969413541454532e-01 -1.034668447539030645e+00 1.294892399297912000e+00 3.000000000000000000e+00
2.936864143369715130e-01 -1.009965173068037236e+00 1.510290391770134077e-01 1.000000000000000000e+00
3.614064797546828745e-01 -1.330062927491404201e+00 -1.820044428326392794e-01 1.000000000000000000e+00
2.277479451457199433e-01 -6.899177121819355385e-01 2.802486003286538963e-01 1.000000000000000000e+00
3.448556353483699377e-01 -9.111445330203462589e-01 -1.632975490429853030e-02 1.000000000000000000e+00
1.200387434919184537e+00 -8.287988161775651230e-01 -9.141902181024013085e-01 3.000000000000000000e+00
-4.913834487273601725e-01 -9.818989523402266162e-01 -1.933460699923291948e+00 3.000000000000000000e+00
9.617924293217524623e-01 -7.831139516557535929e-01 -1.274344233849569852e+00 3.000000000000000000e+00
-8.458228720441339776e-01 -5.600385539576576699e-01 -1.904216238755477741e+00 3.000000000000000000e+00
-2.040454561134404265e+00 -9.572240916642287267e-01 -1.093359888975706573e+00 1.000000000000000000e+00
2.800125257051453431e-01 -6.414943328192104222e-01 1.822585916252446037e-01 1.000000000000000000e+00
5.821033067761044455e-01 -1.212545039563212690e+00 -1.608560148593231931e+00 3.000000000000000000e+00
1.212625670382480259e+00 -1.218029200696872039e+00 -8.888916149652563714e-01 3.000000000000000000e+00
-8.128068361491264104e-01 -1.563917906676659308e+00 1.736656727664054545e+00 3.000000000000000000e+00
-1.698719864649762323e+00 -8.002164052844312758e-01 -1.510950612807195226e+00 3.000000000000000000e+00
9.465506194606434498e-01 -2.644364031409417448e-01 9.514686672979557613e-01 3.000000000000000000e+00
-2.024407164158938954e+00 -7.196741990062510697e-01 -1.121955783347001523e+00 3.000000000000000000e+00
-1.333425980831721980e-01 -8.882623550501467236e-01 1.638610092735425239e+00 3.000000000000000000e+00
1.426284352900946024e-02 -8.307159072472594108e-01 -1.864271458982886598e+00 3.000000000000000000e+00
5.339606464122157448e-01 -1.420151123439592267e+00 1.324715787195033467e+00 3.000000000000000000e+00
-1.250812457817985779e+00 -1.065602706701498592e+00 7.627806665693402932e-01 1.000000000000000000e+00
-1.763468714481732480e+00 -1.666048772510033249e+00 4.789395145658838504e-01 1.000000000000000000e+00
1.093463333206978083e+00 -1.311436658092225871e+00 -1.100104698344847920e+00 3.000000000000000000e+00
1.320056926462985336e+00 -1.036658570649475086e+00 2.326127709509354657e-01 3.000000000000000000e+00
1.052564481872376945e+00 -8.084811978960017020e-01 -1.159222200894160171e+00 3.000000000000000000e+00
-1.059956056402281188e+00 -9.552157105435969964e-01 8.073480678267677124e-01 1.000000000000000000e+00
6.698009646173507248e-01 -8.260502202267319127e-01 -1.546821157510501088e+00 3.000000000000000000e+00
1.371147751412919780e+00 -1.283790296923841057e+00 -2.429726068771083103e-01 3.000000000000000000e+00
2.058897537470333883e-01 -1.335861544579663995e+00 3.144467207673534714e-01 1.000000000000000000e+00
-3.022590936012699014e-01 -7.128383103821613886e-01 7.222286178410912694e-01 1.000000000000000000e+00
3.373787910721618988e-01 -6.310476893215043459e-01 1.754108342087277311e-02 1.000000000000000000e+00
2.786103806611719969e-01 -1.119520552332467611e+00 1.852925490768155825e-01 1.000000000000000000e+00
1.862195943194362158e-01 -1.104512766657844036e+00 -1.809281134839909821e+00 3.000000000000000000e+00
4.057528314812322567e-01 -8.736980261996493136e-01 1.406592213958801629e+00 3.000000000000000000e+00
-1.809922646305434091e+00 -4.743394865812045613e-01 4.363544096697881680e-01 1.000000000000000000e+00
-1.890733753237672898e+00 -1.005694441531689964e+00 -1.315144084179855621e+00 3.000000000000000000e+00
-1.574826649724269778e+00 -1.045143803531285220e+00 6.172964231650034383e-01 1.000000000000000000e+00
-8.033034928362578486e-02 -1.370866593265075650e+00 6.014795830251344899e-01 1.000000000000000000e+00
2.455027672236246017e-01 -2.185810525727966525e+00 -6.036345307507612334e-01 1.000000000000000000e+00
-1.655618493531762825e+00 -9.882157758157936733e-01 -1.546537254870277600e+00 3.000000000000000000e+00
1.115241833544217798e+00 -1.299412208879783703e+00 7.167282025241212828e-01 3.000000000000000000e+00
-1.357385533597330163e+00 -5.369692033799521313e-01 7.254807099931570580e-01 1.000000000000000000e+00
-2.036612846560164947e+00 -1.510836009082682896e+00 1.472159689166421537e-01 1.000000000000000000e+00
1.178162807087839603e+00 -3.778615471290320826e-01 -9.575878292676198722e-01 3.000000000000000000e+00
-2.169584513178203444e+00 -5.911384420223586567e-01 -7.560598683625088245e-01 1.000000000000000000e+00
3.521689696892386090e-01 -1.134983294764014383e+00 -5.828073341914980637e-02 1.000000000000000000e+00
-1.170720917626239421e+00 -6.418167043119700210e-01 -1.817150287752381077e+00 3.000000000000000000e+00
-1.291541631779829169e+00 -1.151779842712800983e+00 7.496329887129143943e-01 1.000000000000000000e+00
-1.035400169601739195e+00 -4.849867068288648553e-01 8.111319661191849217e-01 1.000000000000000000e+00
3.592841852202248165e-01 -1.549816412783800113e+00 -2.418374796043068209e-01 1.000000000000000000e+00
5.176091510657689909e-01 -4.737019870598502269e-01 1.335863729559584323e+00 3.000000000000000000e+00
3.542206057871301050e-01 -7.030600444721193387e-01 -2.913959032514558678e-01 1.000000000000000000e+00
1.007604834341430777e+00 -7.303848555715157786e-01 8.748946678590705517e-01 3.000000000000000000e+00
-1.083795471005102734e-01 -9.080267070843497379e-01 6.202055991249068034e-01 1.000000000000000000e+00
-3.376028320717712750e-01 -8.725553510589946216e-01 7.364185530495835907e-01 1.000000000000000000e+00
3.490188012933619355e-01 -7.703292747430477982e-01 -3.251547059058562117e-01 1.000000000000000000e+00
-4.751181841922738625e-01 -1.254932298355462938e+00 7.807532481794096091e-01 1.000000000000000000e+00
-6.523082100804280525e-01 -1.122290318614131754e+00 8.150306890040280861e-01 1.000000000000000000e+00
3.613335712556462465e-01 -1.442561953514888362e+00 -1.714605596338592552e-01 1.000000000000000000e+00
-2.103558585655920521e-01 -1.170541983071227810e+00 6.793340921112476227e-01 1.000000000000000000e+00
3.436706618015270553e-01 -2.913125675114763835e-01 -3.528294198679597371e-01 1.000000000000000000e+00
-9.578008245020634970e-01 -9.978463347967930774e-01 8.202680180052133174e-01 1.000000000000000000e+00
-7.253679095919614017e-01 -1.409825975985138369e+00 8.223078285608493854e-01 1.000000000000000000e+00
4.662104884324021481e-01 -6.856522825626570894e-01 1.369528966649534718e+00 3.000000000000000000e+00
3.601233290216372396e-01 -9.503554954390669440e-01 -1.362099192495765110e-01 1.000000000000000000e+00
9.280694804548356158e-01 -3.446637800900798632e-01 9.731685064183518419e-01 3.000000000000000000e+00
-1.348394623903627521e+00 -9.550945131998979098e-01 7.289956846648241173e-01 1.000000000000000000e+00
1.130823920838330610e+00 -1.353583538419061982e+00 6.906412138518350785e-01 3.000000000000000000e+00
8.456366936065243811e-01 -8.490628925642228486e-01 1.062847575754480856e+00 3.000000000000000000e+00
-3.449939149741124700e-01 -1.667778093573115239e+00 7.392340118789039183e-01 1.000000000000000000e+00
5.782034790776330313e-01 -1.225112823262872519e+00 -1.611135957667847896e+00 3.000000000000000000e+00
-7.892860913974072412e-01 -1.242768132427025218e+00 8.255354215003070095e-01 1.000000000000000000e+00
-2.049825475115898965e-01 -7.292884041867142564e-01 6.765391730258311087e-01 1.000000000000000000e+00
-1.145878771079479996e+00 -1.562996493230015771e+00 1.717097680108125690e+00 3.000000000000000000e+00
-1.748787998468522564e-01 -8.831401431000419633e-01 6.602499624467860206e-01 1.000000000000000000e+00
-2.237176198265424243e-01 -1.660131982411050089e+00 -9.796421281782758950e-01 1.000000000000000000e+00
-2.826523109656486551e-02 -1.579559532803111566e+00 5.634621037581214464e-01 1.000000000000000000e+00
5.633817348359734245e-01 -1.178984837953932274e+00 1.304101220978252762e+00 3.000000000000000000e+00
5.009289523486651907e-01 -7.909971555881480931e-01 -1.659422668384453292e+00 3.000000000000000000e+00
7.737836195559227859e-01 -1.163887405075913373e+00 1.132860458969739970e+00 3.000000000000000000e+00
-3.865320295930808198e-02 -1.675623175975036183e+00 -1.877802361005159959e+00 3.000000000000000000e+00
-4.107694111478304988e-02 -1.658654689095955703e+00 -1.878385363658133578e+00 3.000000000000000000e+00
-1.787438244207834870e-01 -7.766320220021716292e-01 6.624024431780531907e-01 1.000000000000000000e+00
-2.127734257731173084e+00 -4.131520405749421476e-01 -8.987132954394257967e-01 1.000000000000000000e+00
-1.982591226211455560e+00 -8.482598014780793338e-01 2.330398258530650135e-01 1.000000000000000000e+00
6.559080105509189629e-01 -1.047456671508930626e+00 -1.557108075557430471e+00 3.000000000000000000e+00
-5.990410432861248413e-01 -1.422898935304098389e+00 8.072565487835905440e-01 1.000000000000000000e+00
1.144433623303192232e-01 -9.953452487632059587e-01 4.315644569615828541e-01 1.000000000000000000e+00
-1.090947945088731851e-02 -4.505585216555143546e-01 5.497582078899571068e-01 1.000000000000000000e+00
-8.789457368367928347e-02 -1.078348702022069228e+00 6.066443023575797122e-01 1.000000000000000000e+00
1.148632598728023924e+00 -1.186630837103664904e+00 6.595748002483449168e-01 3.000000000000000000e+00
1.196669328093312057e+00 -6.537412011864326411e-01 -9.216691304375713711e-01 3.000000000000000000e+00
-5.747447084759035318e-01 -8.086161354191462314e-01 8.030027838336782908e-01 1.000000000000000000e+00
-2.229589440865668570e-01 -8.685212642436467290e-01 1.662755427828079613e+00 3.000000000000000000e+00
-1.599084057946568715e-01 -8.505462718827132562e-01 6.517378908034475726e-01 1.000000000000000000e+00
-6.559441763523857771e-01 -1.026953150092962286e+00 -1.927922393073095764e+00 3.000000000000000000e+00
1.006738803102873892e+00 -1.354383455822453453e+00 -1.219803964463696211e+00 3.000000000000000000e+00
7.677183414485635460e-01 1.109476889162460678e-01 -1.468328897382454423e+00 3.000000000000000000e+00
-5.382292103146346651e-01 -1.419247071904476742e+00 7.957573636971021491e-01 1.000000000000000000e+00
1.270254140871032167e+00 -5.257848093233585818e-01 3.942783148552538308e-01 3.000000000000000000e+00
9.785424447254336133e-01 -1.420799488157193480e+00 9.123330457143333794e-01 3.000000000000000000e+00
-6.806539208058947077e-01 -7.841402833204483835e-01 -1.925901171640751697e+00 3.000000000000000000e+00
9.755249328903043970e-01 -1.289735650167596059e+00 9.161139161777414053e-01 3.000000000000000000e+00
1.053174426864317503e+00 -1.051757123650818526e+00 8.120769981349416078e-01 3.000000000000000000e+00
-9.919996049251932346e-01 -1.065625221180318993e+00 8.167671343839348896e-01 1.000000000000000000e+00
-4.033372578282189980e-01 -6.810489490738543816e-01 -1.930818482406656322e+00 3.000000000000000000e+00
-6.756891315796197395e-01 -1.187864615608036800e+00 1.732048313684569019e+00 3.000000000000000000e+00
1.111854761088971077e+00 -5.545650339955799923e-01 7.222727251579080798e-01 3.000000000000000000e+00
3.783502271558043528e-01 -1.447252320585996621e+00 -1.726118011759063098e+00 3.000000000000000000e+00
1.093518532581248870e+00 -1.073257442813161600e+00 -1.100021476717705671e+00 3.000000000000000000e+00
-3.310475097833871505e-01 -1.078225712481051035e+00 7.338780152715506100e-01 1.000000000000000000e+00
1.482787495707505177e-01 -1.052216075514265325e+00 -1.822912479266815211e+00 3.000000000000000000e+00
-6.528609186631250116e-01 -1.223590426315249502e+00 1.730559873702882445e+00 3.000000000000000000e+00
1.326204191526448306e-01 -1.416303985207085336e+00 -1.828285128933718973e+00 3.000000000000000000e+00
2.238942167163258598e-02 -9.088053794820220022e-01 -8.503518497510262897e-01 1.000000000000000000e+00
9.629448174315261566e-01 -1.047019114000979689e+00 9.316719351648046210e-01 3.000000000000000000e+00
-2.181297771835935873e+00 -1.213802900719058719e+00 -2.436423408186382811e-01 1.000000000000000000e+00
1.698940124298339849e-02 -7.328046206517523364e-01 5.265354144485434595e-01 1.000000000000000000e+00
2.847502993300449758e-01 -1.487077819997921768e+00 1.717882715702049867e-01 1.000000000000000000e+00
3.611650108203734444e-01 -4.802420137765243124e-01 -2.025507111256442117e-01 1.000000000000000000e+00
-1.362821185443322258e-01 -1.108287134211709990e+00 -9.447117680529376615e-01 1.000000000000000000e+00
-1.572670329065261274e+00 -1.193640606205143895e+00 6.186098895664470243e-01 1.000000000000000000e+00
1.366854988344640365e+00 -9.344673675063608353e-01 -3.151149109943554572e-01 3.000000000000000000e+00
3.546594489063317757e-01 -1.204934062936089179e+00 -7.632663798460054272e-02 1.000000000000000000e+00
-5.291257727089823670e-02 -9.976930272511284059e-01 -1.881185959922942574e+00 3.000000000000000000e+00
4.710038499315671867e-01 -6.334207452591137377e-01 -1.676779086791149842e+00 3.000000000000000000e+00
-1.521043843559904518e+00 -9.193769167303973422e-01 6.485044460021549551e-01 1.000000000000000000e+00
-3.882253364653934780e-01 -1.253114109601481396e-01 7.546861441918667479e-01 1.000000000000000000e+00
-1.266922713585433291e-01 -9.613797491977171816e-01 1.636671408757322199e+00 3.000000000000000000e+00
-9.148727567567742636e-01 -6.678594222542693082e-01 8.234982894087942151e-01 1.000000000000000000e+00
-9.860324878165370732e-01 -9.236340200996313587e-01 8.174374200308468508e-01 1.000000000000000000e+00
7.736654184324842642e-01 -6.706273590011702090e-01 1.132970072202621026e+00 3.000000000000000000e+00
-3.594815168451870879e-01 -9.927532460531225400e-01 7.446039102973335266e-01 1.000000000000000000e+00
-4.598473663315480464e-01 -1.535352372308279811e+00 7.766364488215529160e-01 1.000000000000000000e+00
-1.168280441595985542e+00 -1.141351233200617932e+00 1.714208578072278666e+00 3.000000000000000000e+00
-8.436790319474605226e-01 -6.788545528064852119e-01 -1.904590495889259216e+00 3.000000000000000000e+00
5.133530041220056850e-01 -7.953805715309292257e-01 1.338730122877862527e+00 3.000000000000000000e+00
-8.684379423703197931e-01 -5.589033463058322715e-01 8.255389005922936230e-01 1.000000000000000000e+00
-2.133721641589561013e+00 -1.132976817853034168e+00 1.377211063779466560e+00 3.000000000000000000e+00
3.729731606018516499e-01 -7.796760318110904642e-01 1.425605087743455401e+00 3.000000000000000000e+00
1.360615678427080200e+00 -1.019119268924285171e+00 -3.770785847489506737e-01 3.000000000000000000e+00
1.352699216373233135e-02 -1.278034169847019452e+00 5.295013330886286784e-01 1.000000000000000000e+00
9.085458502753023247e-01 -8.683848332227360745e-01 -1.333654498474554639e+00 3.000000000000000000e+00
3.377059242553395735e-01 -6.272307197438674597e-01 1.618295654154364507e-02 1.000000000000000000e+00
-9.691099298526357764e-01 -3.409944054291537685e-01 -1.878433110192509359e+00 3.000000000000000000e+00
-5.530338298002704933e-01 -4.920432970853033661e-01 7.988194595788404850e-01 1.000000000000000000e+00
1.122181738452520339e+00 -1.300220489870663743e+00 7.052295560418314624e-01 3.000000000000000000e+00
-1.012347570074147857e-01 -5.483050381100035287e-01 6.155450133224936726e-01 1.000000000000000000e+00
3.609982148225772680e-01 -9.687053557392301117e-01 -2.085631847328031363e-01 1.000000000000000000e+00
8.447106067437606391e-01 -6.686105769556054401e-01 1.063794965983215546e+00 3.000000000000000000e+00
9.240063856335216652e-01 -1.088865572678386767e-01 -1.316976066299124781e+00 3.000000000000000000e+00
5.890132162473035171e-01 -1.225194778952773733e+00 -1.603962084548484546e+00 3.000000000000000000e+00
-3.058118774918268112e-01 -7.887413018877144077e-01 -1.923335959967667597e+00 3.000000000000000000e+00
-1.214240169051217233e+00 -1.144447515431341822e+00 7.734618283328861255e-01 1.000000000000000000e+00
4.600059978268824512e-01 -8.278691511557654259e-01 1.373455827964545239e+00 3.000000000000000000e+00
-1.656161244212091654e+00 -8.387890094205822100e-01 5.636507607963869848e-01 1.000000000000000000e+00
-2.200668802454985418e+00 -3.318191392420750119e-01 -4.053074334599792716e-01 1.000000000000000000e+00
-8.820925031274012840e-01 -1.315366088051631577e+00 8.250954546542775825e-01 1.000000000000000000e+00
1.237748508175530837e+00 4.424145830698421045e-01 -8.332473816543835010e-01 3.000000000000000000e+00
-3.265783029674390048e-01 -9.517395198186836547e-01 -1.925331998014502721e+00 3.000000000000000000e+00
1.326592467626630745e+00 -8.141898690813128558e-01 -5.663661480261208414e-01 3.000000000000000000e+00
9.384041630682828927e-01 -1.536763391660014300e+00 -1.301054067328667019e+00 3.000000000000000000e+00
-6.977258273946976841e-01 -1.443657620813362907e+00 8.200089202718728876e-01 1.000000000000000000e+00
-8.982572756638154132e-01 -1.255866891919890094e+00 -1.894282048231250126e+00 3.000000000000000000e+00
-2.031804282657152794e-02 -9.692741543633555112e-01 5.572549815049074873e-01 1.000000000000000000e+00
3.089483290728150533e-01 -1.054981398640076007e+00 1.460667056532602093e+00 3.000000000000000000e+00
3.460391520202321658e-01 -5.212221363112308214e-01 -2.236197636162038510e-02 1.000000000000000000e+00
-4.138126907523064779e-01 -5.379964311433066415e-01 7.630379446939010712e-01 1.000000000000000000e+00
-5.837950063616349772e-02 -8.466865135940846443e-01 -1.882453863320545429e+00 3.000000000000000000e+00
-1.434784380324655384e+00 -1.135890407969549765e+00 6.922478410629724355e-01 1.000000000000000000e+00
1.011865546160133800e+00 -8.901854947857924527e-01 -1.213291424516049544e+00 3.000000000000000000e+00
-1.815896837351496984e+00 -4.177643350503405517e-01 4.305779960931331307e-01 1.000000000000000000e+00
3.257971044126914406e-01 -1.249800229320103817e+00 6.063431042944522620e-02 1.000000000000000000e+00
7.561120497894180392e-01 -7.356224402240326699e-01 -1.478214642642535104e+00 3.000000000000000000e+00
-1.899758268180931520e+00 -1.409754026730268395e+00 3.410809458624419199e-01 1.000000000000000000e+00
4.436940971049124216e-01 -1.335985915606115793e+00 -1.691998673102083739e+00 3.000000000000000000e+00
3.069057903498032536e-01 -3.011309338365312782e-01 1.173901936928019168e-01 1.000000000000000000e+00
1.178859193328638311e+00 -9.264740181137347541e-01 -9.562735767951836552e-01 3.000000000000000000e+00
1.288210610633772513e+00 -8.518114885150560589e-01 -7.005573025127782572e-01 3.000000000000000000e+00
-1.641896595505884238e-01 -7.084858845180220799e-01 6.542008550199899242e-01 1.000000000000000000e+00
-2.168127184947458819e+00 -9.445855161704673764e-01 -7.622687811107619060e-01 1.000000000000000000e+00
9.298394054939493891e-01 -1.108418151303219412e+00 -1.310571800352297256e+00 3.000000000000000000e+00
-2.963147523048128007e-01 -1.050574646794703471e+00 7.197214298527703225e-01 1.000000000000000000e+00
-1.762166591998937326e+00 -1.307666995056322667e+00 4.800767846099840419e-01 1.000000000000000000e+00
1.365869169607665912e+00 -1.143946110893900636e+00 -3.266928957384007681e-01 3.000000000000000000e+00
1.362089226532610775e+00 -1.650162138075092821e+00 2.402331410362422599e-03 3.000000000000000000e+00
1.348282098590044775e+00 -6.781855404822711986e-01 -4.613966702939831799e-01 3.000000000000000000e+00
-7.714150511647882569e-01 -1.024028694780199977e+00 8.249248190213649412e-01 1.000000000000000000e+00
2.783729747893087803e-01 -6.290514802076638823e-01 -1.772436619062817131e+00 3.000000000000000000e+00
1.173695219021870351e+00 -6.736846236027616008e-01 6.133033717610275604e-01 3.000000000000000000e+00
1.371784567654505738e+00 -5.536851397868269853e-01 -2.226220193122581681e-01 3.000000000000000000e+00
-5.525973176810381471e-01 -9.652403289101166850e-01 1.721559069698222144e+00 3.000000000000000000e+00
-1.474461191468216525e-01 -1.144130221830986116e+00 6.444352912805823008e-01 1.000000000000000000e+00
1.175206160251905940e+00 -4.326041769011940152e-01 -9.631374759197300905e-01 3.000000000000000000e+00
-4.520685604343297470e-01 -1.407194880971033735e+00 -1.932762261289342254e+00 3.000000000000000000e+00
1.709541317908262401e-02 -1.149740023464198124e+00 5.264442156565114495e-01 1.000000000000000000e+00
1.369993744553168025e+00 -6.895932871297478783e-01 -9.387024318566904169e-02 3.000000000000000000e+00
8.704567927785749060e-01 -1.014406238024580187e+00 -1.373006726287296697e+00 3.000000000000000000e+00
9.040908533538533076e-02 -1.130270301201753647e+00 1.561612692168839578e+00 3.000000000000000000e+00
1.668983537194157138e-02 -9.725719467801373641e-01 1.589734381935308916e+00 3.000000000000000000e+00
1.371150017662889908e+00 -1.070809786662147989e+00 -2.429083382950139591e-01 3.000000000000000000e+00
1.208481670437234978e+00 -7.417428314059461014e-01 -8.975789076556323076e-01 3.000000000000000000e+00
8.435451553216599674e-01 -5.567605130488287868e-01 1.064985455944900794e+00 3.000000000000000000e+00
2.895902133482815624e-02 -1.117077974073858115e+00 -1.860237750240339993e+00 3.000000000000000000e+00
2.714578691306784863e-01 -3.043767898685058593e-01 2.003433048067460032e-01 1.000000000000000000e+00
2.661307248260663116e-01 -1.211626687786989232e+00 2.111240210058395461e-01 1.000000000000000000e+00
1.365085856493015726e+00 -9.120163996786074811e-01 -3.352683014418783580e-01 3.000000000000000000e+00
7.172930331773357260e-01 -1.148890447260092040e+00 1.183375564495895649e+00 3.000000000000000000e+00
1.361165567794815123e+00 -6.328467193928077883e-01 -3.724351513067372110e-01 3.000000000000000000e+00
3.144353411253149044e-01 -8.599713255711308735e-01 9.624948395819153679e-02 1.000000000000000000e+00
1.189133885067878316e+00 -6.294012573844268710e-01 -9.365494834445128314e-01 3.000000000000000000e+00
1.159441801710201281e+00 -1.145712172002022466e+00 6.400074116057704599e-01 3.000000000000000000e+00
6.392982945494355730e-03 -1.633891072741395500e-01 5.355359564295395502e-01 1.000000000000000000e+00
8.482679393217573693e-01 -1.546817954656739547e+00 -1.394865934023042708e+00 3.000000000000000000e+00
-1.296608383962881694e+00 -8.234507500278192005e-01 7.479031958227058130e-01 1.000000000000000000e+00
-6.196443845576418141e-01 -3.620362581148240388e-01 8.105143035581781064e-01 1.000000000000000000e+00
9.440073851817472050e-01 -1.043311244435138452e+00 -1.294752369089526178e+00 3.000000000000000000e+00
2.317115192183489825e-01 -1.010199278842835113e+00 1.499517305232107578e+00 3.000000000000000000e+00
7.109775448857825753e-01 -8.714394095283484187e-01 1.188797416384199224e+00 3.000000000000000000e+00
-6.878512615126708418e-01 -1.248099508739237695e+00 1.732756942127684052e+00 3.000000000000000000e+00
2.475405468216993199e-01 -7.327830769464801497e-01 2.462861265053435667e-01 1.000000000000000000e+00
-9.981423564065287080e-01 -1.132992163542578146e+00 8.160508053564646813e-01 1.000000000000000000e+00
-2.493853450498934865e-01 -1.421345436265501583e+00 6.986561829334662077e-01 1.000000000000000000e+00
1.356894981601242334e+00 -6.373649235089567933e-01 4.423065373660058086e-02 3.000000000000000000e+00
-5.276314516921634112e-01 -1.446850158975095946e+00 7.934599547657600338e-01 1.000000000000000000e+00
-1.703848210269501173e+00 -7.828282455331457834e-01 5.281508340093035159e-01 1.000000000000000000e+00
-2.201845714626934569e+00 -8.580148808353067480e-01 -5.088094185467005870e-01 1.000000000000000000e+00
2.331678761991060889e-01 -1.086279921907635782e+00 2.712593108083505289e-01 1.000000000000000000e+00
-1.527221479103279211e+00 -9.675155234066182830e-01 6.450803353145041497e-01 1.000000000000000000e+00
-2.109384755473626250e+00 -6.737096023528955646e-01 -1.005446468882980520e-03 1.000000000000000000e+00
1.547221029231141409e-01 -2.173458585219086303e-01 3.842487768309767460e-01 1.000000000000000000e+00
-2.380348671801813323e-02 -2.540294447725337940e-02 5.599912072895304460e-01 1.000000000000000000e+00
9.787421984727943114e-01 -1.822006455285547055e+00 -1.254294998245295556e+00 3.000000000000000000e+00
1.219108440296822859e+00 -1.231550620057473733e+00 5.200767494776420419e-01 3.000000000000000000e+00
-6.582937114944662493e-01 -2.826508778686305789e-01 8.157729001467789454e-01 1.000000000000000000e+00
9.732884679198547939e-01 -7.797623186445129528e-01 -1.260811919810883586e+00 3.000000000000000000e+00
1.118584228500054456e+00 -2.927468480909137249e-01 -1.061000723397119483e+00 3.000000000000000000e+00
-8.097395186146550961e-01 -1.083209141151263655e+00 -1.910185720102079987e+00 3.000000000000000000e+00
-1.724356040436030080e+00 -1.264804953324307313e+00 -1.488549380008191481e+00 1.000000000000000000e+00
-2.413025864691913935e-01 -1.264341819667115896e+00 -1.915736109154572153e+00 3.000000000000000000e+00
-1.788847525208900668e+00 -7.139098576917174421e-01 4.561722347079121276e-01 1.000000000000000000e+00
2.741853657196399174e-01 -1.102702498015852628e+00 1.946852240282438418e-01 1.000000000000000000e+00
-7.242575037628832257e-01 -5.532395920658284005e-01 8.222260626207309464e-01 1.000000000000000000e+00
-4.564812405010247875e-01 -1.165333670974922020e+00 1.709114401332999744e+00 3.000000000000000000e+00
-5.745244500225638040e-01 -1.599950407150090292e+00 1.723872156378808862e+00 3.000000000000000000e+00
-9.247082978143166265e-01 -1.024092915184131813e+00 8.228723148748824379e-01 1.000000000000000000e+00
2.028092887252356535e-01 -7.904936228163904621e-01 3.190263121437705296e-01 1.000000000000000000e+00
-8.698223000823415707e-02 -3.487310225558295507e-01 -1.888824677579569400e+00 3.000000000000000000e+00
7.232329363685384427e-02 -9.808179586573019249e-01 4.755620295336006609e-01 1.000000000000000000e+00
-1.295261711139115805e-02 -9.846590855613013282e-01 -1.871423540467505919e+00 3.000000000000000000e+00
1.029053595308027313e+00 -2.023487144762497802e+00 -1.190985117067858479e+00 3.000000000000000000e+00
-1.744034358363519388e+00 -9.281956850007668791e-01 4.956132739859676062e-01 1.000000000000000000e+00
-9.260571887143068115e-02 -3.932918433216155973e-01 6.098175981710548532e-01 1.000000000000000000e+00
-4.637259074678006798e-01 -5.662760353644133993e-01 7.777003813534013599e-01 1.000000000000000000e+00
1.306320376019487250e+00 -7.602178841563317357e-01 -6.425099628357757719e-01 3.000000000000000000e+00
1.120639555347897387e+00 -8.616169360844369018e-01 -1.057696066386629719e+00 3.000000000000000000e+00
1.012398924278086421e+00 -1.670771884519657524e+00 -1.212610177545849321e+00 3.000000000000000000e+00
1.166907476611557026e+00 -1.185760575955501883e+00 6.261537109860019212e-01 3.000000000000000000e+00
1.331483520687005262e+00 -1.419431220179006692e+00 1.849581777674821625e-01 3.000000000000000000e+00
7.948392994652127008e-01 -1.315638688731343819e+00 -1.444567616197250493e+00 3.000000000000000000e+00
1.277426498276263533e+00 -1.445984527670007402e+00 3.740964224925139026e-01 3.000000000000000000e+00
1.251286761746649212e+00 -7.836240931551250455e-01 -8.008134083196508657e-01 3.000000000000000000e+00
1.037361020198261041e+00 -1.118124953345165595e+00 -1.179932638658318877e+00 3.000000000000000000e+00
-2.323938472547159434e-02 -7.349519344020525313e-01 5.595498429839583787e-01 1.000000000000000000e+00
9.820084123243251473e-02 -7.222906204048062939e-01 4.491305234134263524e-01 1.000000000000000000e+00
-1.943792171516922629e-01 -3.907379621420054017e-01 6.709250248817026918e-01 1.000000000000000000e+00
-1.713658871139872142e+00 -5.944763721915977683e-01 5.204387351698140929e-01 1.000000000000000000e+00
-1.586291400615598424e-01 -8.686187523103129360e-01 6.509974410419954172e-01 1.000000000000000000e+00
6.533494628972251750e-01 -6.384506217098445680e-01 -1.558980947925194149e+00 3.000000000000000000e+00
2.813755779371353571e-01 -1.304368679915322682e+00 1.792814496382069134e-01 1.000000000000000000e+00
-1.664385821478419736e+00 -1.026498305348371609e+00 5.577547334169982163e-01 1.000000000000000000e+00
-7.130839196533336755e-02 -1.021898108204877031e+00 -9.114231026391365065e-01 1.000000000000000000e+00
-3.187410278209932835e-01 -5.921887069887513677e-01 1.684598739461527162e+00 3.000000000000000000e+00
-1.762795203908444908e-01 -1.272597763304423646e+00 6.610321613120767603e-01 1.000000000000000000e+00
-1.146285174449110045e+00 -1.148007192681366195e+00 7.905715514596841631e-01 1.000000000000000000e+00
4.204464840370842893e-01 -5.708814970875327743e-01 -1.704502034768099694e+00 3.000000000000000000e+00
-5.996076996661375835e-01 -8.432504606216287835e-01 8.073504114828757849e-01 1.000000000000000000e+00
3.111059447318064164e-01 -6.676779622757178512e-01 1.058034344749704259e-01 1.000000000000000000e+00
3.935450419747213435e-02 -1.263821298358271727e+00 5.067697466764771175e-01 1.000000000000000000e+00
-2.523649619480236583e-01 -7.551553374419727183e-01 7.000624348257973306e-01 1.000000000000000000e+00
1.662077167713541526e-01 -9.956550748747323709e-01 -1.816579949576513364e+00 3.000000000000000000e+00
-1.453112337019987210e+00 -1.129830167410156738e+00 -1.684804260238816687e+00 3.000000000000000000e+00
-1.137424007566193218e+00 -2.267554400308552598e+00 7.925460162248285645e-01 1.000000000000000000e+00
1.068268137289883457e+00 -1.018285822496050486e+00 -1.137137492681580042e+00 3.000000000000000000e+00
1.230806660767253646e+00 -9.899433046815570014e-01 -8.491716223828579269e-01 3.000000000000000000e+00
-2.198646174356710059e+00 -1.166746221161866659e+00 -3.745483386781748858e-01 1.000000000000000000e+00
3.220658209619929324e-01 -8.969809842953155865e-01 7.291153111633652539e-02 1.000000000000000000e+00
1.346763872985105248e+00 -1.016155310595616035e+00 -4.700412283804057401e-01 3.000000000000000000e+00
4.629532906294892003e-03 -8.230148353674104911e-01 -1.866850062976588287e+00 3.000000000000000000e+00
-1.144895995592465354e+00 -7.240586977349121600e-01 1.717219812249410227e+00 3.000000000000000000e+00
9.878456247471970042e-02 -5.266218401462313681e-01 -7.862175402277422620e-01 1.000000000000000000e+00
2.566632200333473710e-02 -8.513090385291787188e-01 5.189937765595239449e-01 1.000000000000000000e+00
-2.202409298619488087e+00 -1.094105215464159508e+00 -4.665063238976975279e-01 1.000000000000000000e+00
4.385145666108498097e-01 -1.129399330642151922e+00 -1.694819998350109547e+00 3.000000000000000000e+00
4.400515373405416986e-01 -6.943248374017492175e-01 1.385891471070220593e+00 3.000000000000000000e+00
-2.721040539516787149e+00 -1.051613411828299149e+00 8.752328821821463434e-01 3.000000000000000000e+00
1.088342093899645313e+00 -1.065098912567632006e+00 7.596135137551049965e-01 3.000000000000000000e+00
-1.730147701234504787e+00 -1.098856778606223328e+00 1.572859184544891820e+00 3.000000000000000000e+00
1.245956541817077490e+00 -1.100939722602815474e+00 -8.138128244527177424e-01 3.000000000000000000e+00
-3.133118860802288075e-01 -8.727248630554188535e-01 7.267970732117773336e-01 1.000000000000000000e+00
1.041245210771938989e+00 -2.842737872158955792e-01 -1.174701947589961382e+00 3.000000000000000000e+00
1.135555527025811751e+00 -7.479085129076087357e-01 -1.033198498704861468e+00 3.000000000000000000e+00
-1.206681237963593833e+00 -2.092735520935291582e+00 7.755393266255649065e-01 1.000000000000000000e+00
1.141569021321355404e+00 -9.804724752866156301e-01 6.720650607311481339e-01 3.000000000000000000e+00
9.377209210773105319e-01 -1.472724634394071863e+00 -1.301818390357306843e+00 3.000000000000000000e+00
8.755175393992071786e-01 -1.621040201114044566e+00 1.031595693067306696e+00 3.000000000000000000e+00
2.059083693717873031e-01 -4.104584800167810910e-01 -1.801859751255914466e+00 3.000000000000000000e+00
-1.845729541519815609e+00 -8.554742544483685540e-01 1.525897702180881277e+00 3.000000000000000000e+00
1.369804836430663642e+00 -1.070056951775825382e+00 -2.719621117411643585e-01 3.000000000000000000e+00
1.323262213295633760e+00 -1.003723621879869299e+00 -5.799420016636844810e-01 3.000000000000000000e+00
1.836157864163404374e-01 -1.153645221422352485e+00 3.463895889709158182e-01 1.000000000000000000e+00
1.308539906134847108e-01 -1.066248159098456494e+00 4.129726988760021866e-01 1.000000000000000000e+00
1.371301047035894394e+00 -1.019319621649574348e+00 -1.236681420030062845e-01 3.000000000000000000e+00
-1.034300568928768538e+00 -3.417718830286129994e-01 8.112912910639240582e-01 1.000000000000000000e+00
1.325723846388108251e+00 -1.294869847437271959e+00 2.097329810429055252e-01 3.000000000000000000e+00
-1.825548116098974161e+00 -1.327091613686238070e+00 -1.389662537086378880e+00 3.000000000000000000e+00
-1.310364019468627905e+00 -1.193965180607108101e+00 7.431002292725088498e-01 1.000000000000000000e+00
-1.594029411283042652e+00 -6.484322646781520705e-01 6.053609541206556033e-01 1.000000000000000000e+00
-7.864425773787288021e-01 -5.931887530927666408e-01 8.254533498659133439e-01 1.000000000000000000e+00
1.304474353543878529e+00 -6.336771041506225055e-01 2.895952173426538101e-01 3.000000000000000000e+00
1.335828731254591784e+00 -6.054613469590058861e-01 1.650549621285506419e-01 3.000000000000000000e+00
-3.216671450323303483e-01 -3.533918557086183632e-01 7.301709190265014415e-01 1.000000000000000000e+00
1.372269868898092993e+00 -1.331313657195418720e+00 -1.918829897203878088e-01 3.000000000000000000e+00
3.390514616125608893e-01 -1.082621113743402974e+00 1.049318545653647392e-02 1.000000000000000000e+00
-9.469167057708759438e-01 -6.021778174458878308e-01 8.212094253602809646e-01 1.000000000000000000e+00
-4.225168712622977552e-01 -5.739667274347897141e-01 -1.931725957697202789e+00 3.000000000000000000e+00
-1.259265197893799426e+00 -8.845433215885056821e-01 7.601617691588240522e-01 1.000000000000000000e+00
-1.071995104680708577e+00 -7.849579733472534793e-01 8.053344741944273855e-01 1.000000000000000000e+00
1.370101877051738803e+00 -1.155801234797139143e+00 -9.593921115238918107e-02 3.000000000000000000e+00
-1.106798682470847117e+00 -8.258981074792796084e-01 7.989223184239317987e-01 1.000000000000000000e+00
1.337868741997323696e-01 -6.562201834530847488e-01 -7.512671352920883283e-01 1.000000000000000000e+00
-3.724310985293965981e-02 -8.472470233056096367e-01 -1.877461730241624771e+00 3.000000000000000000e+00
-1.451055847402473176e-01 -1.816044785578699861e+00 -9.487284015866966902e-01 1.000000000000000000e+00
-9.770557449154608498e-02 -8.927655495137493125e-01 6.132157248453332654e-01 1.000000000000000000e+00
-4.934589775749360641e-01 -1.187633235466661885e+00 1.714349051870061258e+00 3.000000000000000000e+00
-1.253440145013579587e-01 -2.039907704648731279e+00 6.309827634476625757e-01 1.000000000000000000e+00
-5.872139881236463355e-01 -8.053510506034368133e-01 8.052419216134634183e-01 1.000000000000000000e+00
2.724003539307254251e-01 -4.991402491188641766e-01 1.983991037748232822e-01 1.000000000000000000e+00
-7.612778803299811159e-01 -1.004085683075756519e+00 8.244780541169349775e-01 1.000000000000000000e+00
-2.177235146452115355e+00 -6.534497824348699524e-01 -2.229607242018609992e-01 1.000000000000000000e+00
-7.254860670091501929e-01 -9.459003169286369639e-01 -9.992469716479689401e-01 1.000000000000000000e+00
-5.633175833018907452e-01 -4.989872029353085714e-01 8.008462562924852923e-01 1.000000000000000000e+00
1.276842291408982533e+00 -4.916902342134556458e-01 -7.336087782829452397e-01 3.000000000000000000e+00
8.838906046010734929e-01 1.047832768876843373e-01 -1.359399400696281734e+00 3.000000000000000000e+00
1.358059995960849253e+00 -1.215957383258635449e+00 -3.973318669147046789e-01 3.000000000000000000e+00
1.351354809799445000e+00 -1.748472711298300952e+00 8.154649185821218060e-02 3.000000000000000000e+00
-1.947738826921961985e+00 -9.390838064380591099e-01 2.813904703437489774e-01 1.000000000000000000e+00
-8.470345225906241726e-01 -7.895968520828837711e-01 8.259713997638915561e-01 1.000000000000000000e+00
1.687454311128232520e-01 -1.477507560989218760e+00 3.663329670148300354e-01 1.000000000000000000e+00
2.562065433612444217e-03 -1.520354817093352295e+00 -8.647231490057957215e-01 1.000000000000000000e+00
-1.578501875863208559e+00 -1.307222156746763009e+00 -1.604382632529618435e+00 3.000000000000000000e+00
-5.456305949418398527e-01 -8.586909872739085792e-01 7.973095918841653917e-01 1.000000000000000000e+00
9.494949637967395883e-01 -6.506952498304177102e-01 9.479519894724707241e-01 3.000000000000000000e+00
-2.078983611062817705e+00 -9.847031437453938052e-01 1.409268348983088170e+00 3.000000000000000000e+00
2.591476802308335659e-01 -4.818771324680245494e-01 2.247543464518283740e-01 1.000000000000000000e+00
1.176427731005451893e-01 -1.384634589106820135e+00 4.280086939395126855e-01 1.000000000000000000e+00
-1.795931579802798828e+00 -8.313557963650392013e-01 1.546956107371174172e+00 3.000000000000000000e+00
-2.581016661847242988e-01 -1.031594343750129594e+00 7.027431552642081636e-01 1.000000000000000000e+00
3.102243087434554680e-01 -6.483713299693047993e-01 1.082769087518236639e-01 1.000000000000000000e+00
5.456263461955763727e-01 -1.449147681263197374e+00 -1.632121301926423795e+00 3.000000000000000000e+00
4.181926147740518823e-02 -8.739923946092988949e-01 1.580463111281653399e+00 3.000000000000000000e+00
-6.644401590460664864e-02 3.419683872901822796e-02 -1.884294725130658987e+00 3.000000000000000000e+00
1.341575293678662018e+00 -1.427300235882625445e+00 -4.977538395238006452e-01 3.000000000000000000e+00
3.222047744601569952e-01 -1.116372968453486436e+00 7.246546494167806218e-02 1.000000000000000000e+00
-4.748753231329828073e-01 -1.150344591359815594e+00 1.711788643964155421e+00 3.000000000000000000e+00
1.217153799697649585e+00 -8.665221801466073126e-01 -8.792502649995771469e-01 3.000000000000000000e+00
7.996187720895614470e-01 -8.043482041911099722e-01 -1.440281374869840425e+00 3.000000000000000000e+00
3.587517783522595760e-01 -8.710842557596286673e-01 -2.488422368280100994e-01 1.000000000000000000e+00
-1.720728955921454917e+00 -1.520898002230793411e+00 5.147901163569656990e-01 1.000000000000000000e+00
-3.729556841046521853e-01 -6.820466429188888347e-01 7.494237773738747777e-01 1.000000000000000000e+00
-8.738741256734912088e-01 -8.528501415363191063e-01 8.253779889486988486e-01 1.000000000000000000e+00
8.411024292289356330e-01 -1.484240136905355723e+00 -1.401766734813638671e+00 3.000000000000000000e+00
7.123886578046373375e-01 -1.333911596559121282e+00 -1.514014397285880609e+00 3.000000000000000000e+00
8.162606873696708343e-01 -7.987346314760396249e-01 -1.425117643270004120e+00 3.000000000000000000e+00
-1.587580087473570989e-01 -1.030589481115818939e+00 6.510721177863088016e-01 1.000000000000000000e+00
1.344299326142669226e+00 -1.192725726811226128e+00 1.224169721228856172e-01 3.000000000000000000e+00
-2.388740082512803287e-01 -2.596052365679578644e-01 -1.915408434005547722e+00 3.000000000000000000e+00
2.514345146452480750e-01 -7.894712115833311117e-01 2.392089692318317973e-01 1.000000000000000000e+00
-1.515511814070499730e+00 -3.199869405295422964e-01 6.515364237193738139e-01 1.000000000000000000e+00
1.372165621399470403e+00 -1.351238597576895017e+00 -2.026086867727352747e-01 3.000000000000000000e+00
7.849124905535634356e-02 -1.439213008799626214e+00 1.566350371156025378e+00 3.000000000000000000e+00
-1.090060904817004239e+00 -1.133992807045700157e+00 8.021161103106999590e-01 1.000000000000000000e+00
1.287052718774071680e+00 -1.450068049261404868e+00 3.456891269320035431e-01 3.000000000000000000e+00
1.348982369830791894e+00 -7.127188678983376047e-01 -4.573148147031291799e-01 3.000000000000000000e+00
8.219171150646190083e-02 -7.341992488655063598e-01 -8.014555992070064860e-01 1.000000000000000000e+00
-8.058357034277997821e-02 -9.101710338391185706e-01 6.016538869893469643e-01 1.000000000000000000e+00
-5.671814515811503254e-02 -9.877532022202647477e-01 5.847876566309954116e-01 1.000000000000000000e+00
1.222203814005923705e+00 -8.983775913936096202e-01 -8.683065409675747581e-01 3.000000000000000000e+00
-5.486260820647602676e-01 -1.064264159328852211e+00 7.979256531894461935e-01 1.000000000000000000e+00
1.223560812112993501e+00 -1.035898417624099510e+00 5.101437380599034288e-01 3.000000000000000000e+00
-2.814036368768341734e-01 -1.131704917818188605e+00 -9.971114205567868094e-01 1.000000000000000000e+00
1.293288143691682768e+00 -8.895592338351258066e-01 -6.850185422650378886e-01 3.000000000000000000e+00
6.603433693048144093e-01 -8.934835813282986094e-02 -1.553845517015664868e+00 3.000000000000000000e+00
-1.054158794728880633e+00 -5.609354367034967703e-01 8.082804208085481168e-01 1.000000000000000000e+00
1.325527168265706601e+00 -6.087666815395049724e-01 -5.707631962497715650e-01 3.000000000000000000e+00
-2.009886086538307026e+00 -1.306889368107086780e+00 -1.146554506720043776e+00 3.000000000000000000e+00
1.507946431625078465e-01 -7.015205843125217333e-01 1.536437021800842295e+00 3.000000000000000000e+00
2.626235411224069338e-01 -1.661624957452686013e+00 -5.734754614259850447e-01 1.000000000000000000e+00
-7.226475581654056013e-01 -1.137211145381338717e+00 8.221059247706686834e-01 1.000000000000000000e+00
1.371913743902798855e+00 -9.569220317410846999e-01 -2.171115626661988263e-01 3.000000000000000000e+00
-9.266672928509324114e-01 -6.971482575906519097e-01 -1.888266130468593040e+00 3.000000000000000000e+00
-1.213795417494593742e+00 -9.674480546450460183e-01 7.735852851493623117e-01 1.000000000000000000e+00
2.771075493685289937e-01 -1.026665502423258935e+00 1.885130237067273451e-01 1.000000000000000000e+00
9.466606782716892043e-01 -7.688212900488652357e-01 9.513375244539947762e-01 3.000000000000000000e+00
7.750633547265132206e-01 -4.704815951647838834e-01 -1.461986338008559816e+00 3.000000000000000000e+00
6.385604956123200338e-02 -4.354581017819639799e-01 4.838276533638345978e-01 1.000000000000000000e+00
-1.402306169253791701e+00 -9.161216143250541233e-01 1.671827851634303919e+00 3.000000000000000000e+00
-2.198383596922679928e+00 -6.251131639365520298e-01 -3.712519397801703480e-01 1.000000000000000000e+00
2.086873907725680655e-01 -8.926644770524448935e-01 3.102392321079229798e-01 1.000000000000000000e+00
-1.449660077503101885e+00 -8.828567892364153069e-01 1.660477423204762770e+00 3.000000000000000000e+00
-1.989072361188319649e+00 -1.546838074965305176e-01 2.235041296515626885e-01 1.000000000000000000e+00
6.615713692260887235e-01 -1.190640318543320086e+00 1.229752879657313613e+00 3.000000000000000000e+00
-1.044148477236147343e+00 -1.521853019377168659e+00 8.098334932940851605e-01 1.000000000000000000e+00
3.063913192316010115e-01 -1.024987781707986878e+00 -4.785440403985870006e-01 1.000000000000000000e+00
-6.271295556837398477e-01 -4.417102941417135331e-01 8.116191700091318628e-01 1.000000000000000000e+00
3.393096360466495431e-01 -1.441350054752786214e+00 -3.723050274436927043e-01 1.000000000000000000e+00
-5.795474069249452187e-01 -3.650378899246373154e-01 8.038792675474908389e-01 1.000000000000000000e+00
1.364390441502204343e+00 -1.314320751627866102e+00 -3.424955035097845824e-01 3.000000000000000000e+00
-8.849149717776079171e-01 -7.867881055095304887e-01 1.736117104484385720e+00 3.000000000000000000e+00
3.594846674050758972e-01 -5.938826694922267890e-01 -2.389729088061823548e-01 1.000000000000000000e+00
9.619496099446755988e-01 -1.156533048702407696e+00 9.328889040734498206e-01 3.000000000000000000e+00
-1.204462465930410620e+00 -5.395236072837804597e-01 7.761407582762579471e-01 1.000000000000000000e+00
-9.534153583528222342e-02 -9.664602552227101739e-01 6.116452860136041281e-01 1.000000000000000000e+00
1.247973828040422895e+00 -8.776786084575354252e-01 4.525210514014413321e-01 3.000000000000000000e+00
-5.011432484734034132e-01 -1.563534376450388397e+00 7.873282953278523122e-01 1.000000000000000000e+00
-1.174193524830355662e+00 -1.232421739966852003e+00 7.839688753715325920e-01 1.000000000000000000e+00
-6.236548343921515247e-01 -1.169459309203316533e+00 8.111114700458920135e-01 1.000000000000000000e+00
3.108450993602530077e-01 -4.483118156288963263e-01 -1.758141539580605928e+00 3.000000000000000000e+00
-4.690976321468237620e-01 -1.207180358250821373e+00 -1.933160246121609527e+00 3.000000000000000000e+00
-1.524935108070989198e+00 -4.743431456507312127e-01 6.463523437495138912e-01 1.000000000000000000e+00
-1.460299166050027075e+00 -2.616107427053905865e-01 6.800761140146853734e-01 1.000000000000000000e+00
5.017133500258010859e-01 -1.230473994855513897e+00 -1.658957954859021422e+00 3.000000000000000000e+00
-1.100766750613047407e+00 -1.554529107646507757e+00 8.000968686127080121e-01 1.000000000000000000e+00
9.928585076612749249e-01 -1.417291485929867756e+00 -1.237125912201672895e+00 3.000000000000000000e+00
1.268060087150022275e+00 -8.797426223699453818e-01 -7.577047219148872470e-01 3.000000000000000000e+00
1.558359809708964316e-01 -3.578844090006388923e-01 -1.820266913670025577e+00 3.000000000000000000e+00
1.344854233635337071e+00 -6.659567807754600555e-01 1.194077322369763716e-01 3.000000000000000000e+00
-3.231778272623695991e-01 -8.671237610466931978e-01 -1.007180786178031084e+00 1.000000000000000000e+00
-1.895123509463114003e-02 -9.438951841656457731e-01 5.561759826123640060e-01 1.000000000000000000e+00
7.949407141513729069e-01 -9.523267631402176914e-01 -1.444476985123157808e+00 3.000000000000000000e+00
4.014664462878684836e-01 -1.109637069504820994e+00 1.409120596750187193e+00 3.000000000000000000e+00
2.606349877111817093e-01 -1.149811599344626512e+00 2.218964543457684346e-01 1.000000000000000000e+00
3.606794667642889141e-01 -1.020069842914806957e+00 -2.172666282707065855e-01 1.000000000000000000e+00
3.801144352771800017e-02 -2.110015140736443584e+00 1.581888665583918385e+00 3.000000000000000000e+00
-4.728980200341090789e-01 -6.688042462783928555e-01 -1.933229100117828336e+00 3.000000000000000000e+00
